Simulation File is open
# Time      Read Pos      Calc Pos
   0      115
   0.001      115
   0.002      115
   0.003      115
   0.004      115
   0.005      115
   0.006      115
   0.007      115
   0.008      115
   0.009      115
   0.01      115
   0.011      115
   0.012      115
   0.013      115
   0.014      115
   0.015      115
   0.016      115
   0.017      115
   0.018      115
   0.019      115
   0.02      115
   0.021      115
   0.022      115
   0.023      115
   0.024      115
   0.025      115
   0.026      115
   0.027      115
   0.028      115
   0.029      115
   0.03      115
   0.031      115
   0.032      115
   0.033      115
   0.034      115
   0.035      115
   0.036      115
   0.037      115
   0.038      115
   0.039      115
   0.04      115
   0.041      115
   0.042      115
   0.043      115
   0.044      115
   0.045      115
   0.046      115
   0.047      115
   0.048      115
   0.049      115
   0.05      115
   0.051      115
   0.052      115
   0.053      115
   0.054      115
   0.055      115
   0.056      115
   0.057      115
   0.058      115
   0.059      115
   0.06      115
   0.061      115
   0.062      115
   0.063      115
   0.064      115
   0.065      115
   0.066      115
   0.067      115
   0.068      115
   0.069      115
   0.07      115
   0.071      115
   0.072      115
   0.073      115
   0.074      115
   0.075      115
   0.076      115
   0.077      115
   0.078      115
   0.079      115
   0.08      115
   0.081      115
   0.082      115
   0.083      115
   0.084      115
   0.085      115
   0.086      115
   0.087      115
   0.088      115
   0.089      115
   0.09      115
   0.091      115
   0.092      115
   0.093      115
   0.094      115
   0.095      115
   0.096      115
   0.097      115
   0.098      115
   0.099      115
   0.1      115
   0.101      115
   0.102      115
   0.103      115
   0.104      115
   0.105      115
   0.106      115
   0.107      115
   0.108      115
   0.109      115
   0.11      115
   0.111      115
   0.112      115
   0.113      115
   0.114      115
   0.115      115
   0.116      115
   0.117      115
   0.118      115
   0.119      115
   0.12      115
   0.121      115
   0.122      115
   0.123      115
   0.124      115
   0.125      115
   0.126      115
   0.127      115
   0.128      115
   0.129      115
   0.13      115
   0.131      115
   0.132      115
   0.133      115
   0.134      115
   0.135      115
   0.136      115
   0.137      115
   0.138      115
   0.139      115
   0.14      115
   0.141      115
   0.142      115
   0.143      115
   0.144      115
   0.145      115
   0.146      115
   0.147      115
   0.148      115
   0.149      115
   0.15      115
   0.151      115
   0.152      115
   0.153      115
   0.154      115
   0.155      115
   0.156      115
   0.157      115
   0.158      115
   0.159      115
   0.16      115
   0.161      115
   0.162      115
   0.163      115
   0.164      115
   0.165      115
   0.166      115
   0.167      115
   0.168      115
   0.169      115
   0.17      115
   0.171      115
   0.172      115
   0.173      115
   0.174      115
   0.175      115
   0.176      115
   0.177      115
   0.178      115
   0.179      115
   0.18      115
   0.181      115
   0.182      115
   0.183      115
   0.184      115
   0.185      115
   0.186      115
   0.187      115
   0.188      115
   0.189      115
   0.19      115
   0.191      115
   0.192      115
   0.193      115
   0.194      115
   0.195      115
   0.196      115
   0.197      115
   0.198      115
   0.199      115
   0.2      115
   0.201      115
   0.202      115
   0.203      115
   0.204      115
   0.205      115
   0.206      115
   0.207      115
   0.208      115
   0.209      115
   0.21      115
   0.211      115
   0.212      115
   0.213      115
   0.214      115
   0.215      115
   0.216      115
   0.217      115
   0.218      115
   0.219      115
   0.22      115
   0.221      115
   0.222      115
   0.223      115
   0.224      115
   0.225      115
   0.226      115
   0.227      115
   0.228      115
   0.229      115
   0.23      115
   0.231      115
   0.232      115
   0.233      115
   0.234      115
   0.235      115
   0.236      115
   0.237      115
   0.238      115
   0.239      115
   0.24      115
   0.241      115
   0.242      115
   0.243      115
   0.244      115
   0.245      115
   0.246      115
   0.247      115
   0.248      115
   0.249      115
   0.25      115
   0.251      115
   0.252      115
   0.253      115
   0.254      115
   0.255      115
   0.256      115
   0.257      115
   0.258      115
   0.259      115
   0.26      115
   0.261      115
   0.262      115
   0.263      115
   0.264      115
   0.265      115
   0.266      115
   0.267      115
   0.268      115
   0.269      115
   0.27      115
   0.271      115
   0.272      115
   0.273      115
   0.274      115
   0.275      115
   0.276      115
   0.277      115
   0.278      115
   0.279      115
   0.28      115
   0.281      115
   0.282      115
   0.283      115
   0.284      115
   0.285      115
   0.286      115
   0.287      115
   0.288      115
   0.289      115
   0.29      115
   0.291      115
   0.292      115
   0.293      115
   0.294      115
   0.295      115
   0.296      115
   0.297      115
   0.298      115
   0.299      115
   0.3      115
   0.301      115
   0.302      115
   0.303      115
   0.304      115
   0.305      115
   0.306      115
   0.307      115
   0.308      115
   0.309      115
   0.31      115
   0.311      115
   0.312      115
   0.313      115
   0.314      115
   0.315      115
   0.316      115
   0.317      115
   0.318      115
   0.319      115
   0.32      115
   0.321      115
   0.322      115
   0.323      115
   0.324      115
   0.325      115
   0.326      115
   0.327      115
   0.328      115
   0.329      115
   0.33      115
   0.331      115
   0.332      115
   0.333      115
   0.334      115
   0.335      115
   0.336      115
   0.337      115
   0.338      115
   0.339      115
   0.34      115
   0.341      115
   0.342      115
   0.343      115
   0.344      115
   0.345      115
   0.346      115
   0.347      115
   0.348      115
   0.349      115
   0.35      115
   0.351      115
   0.352      115
   0.353      115
   0.354      115
   0.355      115
   0.356      115
   0.357      115
   0.358      115
   0.359      115
   0.36      115
   0.361      115
   0.362      115
   0.363      115
   0.364      115
   0.365      115
   0.366      115
   0.367      115
   0.368      115
   0.369      115
   0.37      115
   0.371      115
   0.372      115
   0.373      115
   0.374      115
   0.375      115
   0.376      115
   0.377      115
   0.378      115
   0.379      115
   0.38      115
   0.381      115
   0.382      115
   0.383      115
   0.384      115
   0.385      115
   0.386      115
   0.387      115
   0.388      115
   0.389      115
   0.39      115
   0.391      115
   0.392      115
   0.393      115
   0.394      115
   0.395      115
   0.396      115
   0.397      115
   0.398      115
   0.399      115
   0.4      115
   0.401      115
   0.402      115
   0.403      115
   0.404      115
   0.405      115
   0.406      115
   0.407      115
   0.408      115
   0.409      115
   0.41      115
   0.411      115
   0.412      115
   0.413      115
   0.414      115
   0.415      115
   0.416      115
   0.417      115
   0.418      115
   0.419      115
   0.42      115
   0.421      115
   0.422      115
   0.423      115
   0.424      115
   0.425      115
   0.426      115
   0.427      115
   0.428      115
   0.429      115
   0.43      115
   0.431      115
   0.432      115
   0.433      115
   0.434      115
   0.435      115
   0.436      115
   0.437      115
   0.438      115
   0.439      115
   0.44      115
   0.441      115
   0.442      115
   0.443      115
   0.444      115
   0.445      115
   0.446      115
   0.447      115
   0.448      115
   0.449      115
   0.45      115
   0.451      115
   0.452      115
   0.453      115
   0.454      115
   0.455      115
   0.456      115
   0.457      115
   0.458      115
   0.459      115
   0.46      115
   0.461      115
   0.462      115
   0.463      115
   0.464      115
   0.465      115
   0.466      115
   0.467      115
   0.468      115
   0.469      115
   0.47      115
   0.471      115
   0.472      115
   0.473      115
   0.474      115
   0.475      115
   0.476      115
   0.477      115
   0.478      115
   0.479      115
   0.48      115
   0.481      115
   0.482      115
   0.483      115
   0.484      115
   0.485      115
   0.486      115
   0.487      115
   0.488      115
   0.489      115
   0.49      115
   0.491      115
   0.492      115
   0.493      115
   0.494      115
   0.495      115
   0.496      115
   0.497      115
   0.498      115
   0.499      115
   0.5      115
   0.501      115
   0.502      115
   0.503      115
   0.504      115
   0.505      115
   0.506      115
   0.507      115
   0.508      115
   0.509      115
   0.51      115
   0.511      115
   0.512      115
   0.513      115
   0.514      115
   0.515      115
   0.516      115
   0.517      115
   0.518      115
   0.519      115
   0.52      115
   0.521      115
   0.522      115
   0.523      115
   0.524      115
   0.525      115
   0.526      115
   0.527      115
   0.528      115
   0.529      115
   0.53      115
   0.531      115
   0.532      115
   0.533      115
   0.534      115
   0.535      115
   0.536      115
   0.537      115
   0.538      115
   0.539      115
   0.54      115
   0.541      115
   0.542      115
   0.543      115
   0.544      115
   0.545      115
   0.546      115
   0.547      115
   0.548      115
   0.549      115
   0.55      115
   0.551      115
   0.552      115
   0.553      115
   0.554      115
   0.555      115
   0.556      115
   0.557      115
   0.558      115
   0.559      115
   0.56      115
   0.561      115
   0.562      115
   0.563      115
   0.564      115
   0.565      115
   0.566      115
   0.567      115
   0.568      115
   0.569      115
   0.57      115
   0.571      115
   0.572      115
   0.573      115
   0.574      115
   0.575      115
   0.576      115
   0.577      115
   0.578      115
   0.579      115
   0.58      115
   0.581      115
   0.582      115
   0.583      115
   0.584      115
   0.585      115
   0.586      115
   0.587      115
   0.588      115
   0.589      115
   0.59      115
   0.591      115
   0.592      115
   0.593      115
   0.594      115
   0.595      115
   0.596      115
   0.597      115
   0.598      115
   0.599      115
   0.6      115
   0.601      115
   0.602      115
   0.603      115
   0.604      115
   0.605      115
   0.606      115
   0.607      115
   0.608      115
   0.609      115
   0.61      115
   0.611      115
   0.612      115
   0.613      115
   0.614      115
   0.615      115
   0.616      115
   0.617      115
   0.618      115
   0.619      115
   0.62      115
   0.621      115
   0.622      115
   0.623      115
   0.624      115
   0.625      115
   0.626      115
   0.627      115
   0.628      115
   0.629      115
   0.63      115
   0.631      115
   0.632      115
   0.633      115
   0.634      115
   0.635      115
   0.636      115
   0.637      115
   0.638      115
   0.639      115
   0.64      115
   0.641      115
   0.642      115
   0.643      115
   0.644      115
   0.645      115
   0.646      115
   0.647      115
   0.648      115
   0.649      115
   0.65      115
   0.651      115
   0.652      115
   0.653      115
   0.654      115
   0.655      115
   0.656      115
   0.657      115
   0.658      115
   0.659      115
   0.66      115
   0.661      115
   0.662      115
   0.663      115
   0.664      115
   0.665      115
   0.666      115
   0.667      115
   0.668      115
   0.669      115
   0.67      115
   0.671      115
   0.672      115
   0.673      115
   0.674      115
   0.675      115
   0.676      115
   0.677      115
   0.678      115
   0.679      115
   0.68      115
   0.681      115
   0.682      115
   0.683      115
   0.684      115
   0.685      115
   0.686      115
   0.687      115
   0.688      115
   0.689      115
   0.69      115
   0.691      115
   0.692      115
   0.693      115
   0.694      115
   0.695      115
   0.696      115
   0.697      115
   0.698      115
   0.699      115
   0.7      115
   0.701      115
   0.702      115
   0.703      115
   0.704      115
   0.705      115
   0.706      115
   0.707      115
   0.708      115
   0.709      115
   0.71      115
   0.711      115
   0.712      115
   0.713      115
   0.714      115
   0.715      115
   0.716      115
   0.717      115
   0.718      115
   0.719      115
   0.72      115
   0.721      115
   0.722      115
   0.723      115
   0.724      115
   0.725      115
   0.726      115
   0.727      115
   0.728      115
   0.729      115
   0.73      115
   0.731      115
   0.732      115
   0.733      115
   0.734      115
   0.735      115
   0.736      115
   0.737      115
   0.738      115
   0.739      115
   0.74      115
   0.741      115
   0.742      115
   0.743      115
   0.744      115
   0.745      115
   0.746      115
   0.747      115
   0.748      115
   0.749      115
   0.75      115
   0.751      115
   0.752      115
   0.753      115
   0.754      115
   0.755      115
   0.756      115
   0.757      115
   0.758      115
   0.759      115
   0.76      115
   0.761      115
   0.762      115
   0.763      115
   0.764      115
   0.765      115
   0.766      115
   0.767      115
   0.768      115
   0.769      115
   0.77      115
   0.771      115
   0.772      115
   0.773      115
   0.774      115
   0.775      115
   0.776      115
   0.777      115
   0.778      115
   0.779      115
   0.78      115
   0.781      115
   0.782      115
   0.783      115
   0.784      115
   0.785      115
   0.786      115
   0.787      115
   0.788      115
   0.789      115
   0.79      115
   0.791      115
   0.792      115
   0.793      115
   0.794      115
   0.795      115
   0.796      115
   0.797      115
   0.798      115
   0.799      115
   0.8      115
   0.801      115
   0.802      115
   0.803      115
   0.804      115
   0.805      115
   0.806      115
   0.807      115
   0.808      115
   0.809      115
   0.81      115
   0.811      115
   0.812      115
   0.813      115
   0.814      115
   0.815      115
   0.816      115
   0.817      115
   0.818      115
   0.819      115
   0.82      115
   0.821      115
   0.822      115
   0.823      115
   0.824      115
   0.825      115
   0.826      115
   0.827      115
   0.828      115
   0.829      115
   0.83      115
   0.831      115
   0.832      115
   0.833      115
   0.834      115
   0.835      115
   0.836      115
   0.837      115
   0.838      115
   0.839      115
   0.84      115
   0.841      115
   0.842      115
   0.843      115
   0.844      115
   0.845      115
   0.846      115
   0.847      115
   0.848      115
   0.849      115
   0.85      115
   0.851      115
   0.852      115
   0.853      115
   0.854      115
   0.855      115
   0.856      115
   0.857      115
   0.858      115
   0.859      115
   0.86      115
   0.861      115
   0.862      115
   0.863      115
   0.864      115
   0.865      115
   0.866      115
   0.867      115
   0.868      115
   0.869      115
   0.87      115
   0.871      115
   0.872      115
   0.873      115
   0.874      115
   0.875      115
   0.876      115
   0.877      115
   0.878      115
   0.879      115
   0.88      115
   0.881      115
   0.882      115
   0.883      115
   0.884      115
   0.885      115
   0.886      115
   0.887      115
   0.888      115
   0.889      115
   0.89      115
   0.891      115
   0.892      115
   0.893      115
   0.894      115
   0.895      115
   0.896      115
   0.897      115
   0.898      115
   0.899      115
   0.9      115
   0.901      115
   0.902      115
   0.903      115
   0.904      115
   0.905      115
   0.906      115
   0.907      115
   0.908      115
   0.909      115
   0.91      115
   0.911      115
   0.912      115
   0.913      115
   0.914      115
   0.915      115
   0.916      115
   0.917      115
   0.918      115
   0.919      115
   0.92      115
   0.921      115
   0.922      115
   0.923      115
   0.924      115
   0.925      115
   0.926      115
   0.927      115
   0.928      115
   0.929      115
   0.93      115
   0.931      115
   0.932      115
   0.933      115
   0.934      115
   0.935      115
   0.936      115
   0.937      115
   0.938      115
   0.939      115
   0.94      115
   0.941      115
   0.942      115
   0.943      115
   0.944      115
   0.945      115
   0.946      115
   0.947      115
   0.948      115
   0.949      115
   0.95      115
   0.951      115
   0.952      115
   0.953      115
   0.954      115
   0.955      115
   0.956      115
   0.957      115
   0.958      115
   0.959      115
   0.96      115
   0.961      115
   0.962      115
   0.963      115
   0.964      115
   0.965      115
   0.966      115
   0.967      115
   0.968      115
   0.969      115
   0.97      115
   0.971      115
   0.972      115
   0.973      115
   0.974      115
   0.975      115
   0.976      115
   0.977      115
   0.978      115
   0.979      115
   0.98      115
   0.981      115
   0.982      115
   0.983      115
   0.984      115
   0.985      115
   0.986      115
   0.987      115
   0.988      115
   0.989      115
   0.99      115
   0.991      115
   0.992      115
   0.993      115
   0.994      115
   0.995      115
   0.996      115
   0.997      115
   0.998      115
   0.999      115
   1      115
   1.001      115
   1.002      115
   1.003      115
   1.004      115
   1.005      115
   1.006      115
   1.007      115
   1.008      115
   1.009      115
   1.01      115
   1.011      115
   1.012      115
   1.013      115
   1.014      115
   1.015      115
   1.016      115
   1.017      115
   1.018      115
   1.019      115
   1.02      115
   1.021      115
   1.022      115
   1.023      115
   1.024      115
   1.025      115
   1.026      115
   1.027      115
   1.028      115
   1.029      115
   1.03      115
   1.031      115
   1.032      115
   1.033      115
   1.034      115
   1.035      115
   1.036      115
   1.037      115
   1.038      115
   1.039      115
   1.04      115
   1.041      115
   1.042      115
   1.043      115
   1.044      115
   1.045      115
   1.046      115
   1.047      115
   1.048      115
   1.049      115
   1.05      115
   1.051      115
   1.052      115
   1.053      115
   1.054      115
   1.055      115
   1.056      115
   1.057      115
   1.058      115
   1.059      115
   1.06      115
   1.061      115
   1.062      115
   1.063      115
   1.064      115
   1.065      115
   1.066      115
   1.067      115
   1.068      115
   1.069      115
   1.07      115
   1.071      115
   1.072      115
   1.073      115
   1.074      115
   1.075      115
   1.076      115
   1.077      115
   1.078      115
   1.079      115
   1.08      115
   1.081      115
   1.082      115
   1.083      115
   1.084      115
   1.085      115
   1.086      115
   1.087      115
   1.088      115
   1.089      115
   1.09      115
   1.091      115
   1.092      115
   1.093      115
   1.094      115
   1.095      115
   1.096      115
   1.097      115
   1.098      115
   1.099      115
   1.1      115
   1.101      115
   1.102      116
   1.103      116
   1.104      116
   1.105      116
   1.106      116
   1.107      116
   1.108      116
   1.109      116
   1.11      116
   1.111      116
   1.112      116
   1.113      116
   1.114      116
   1.115      116
   1.116      116
   1.117      116
   1.118      116
   1.119      116
   1.12      116
   1.121      116
   1.122      116
   1.123      116
   1.124      116
   1.125      116
   1.126      116
   1.127      116
   1.128      116
   1.129      116
   1.13      116
   1.131      116
   1.132      116
   1.133      116
   1.134      116
   1.135      116
   1.136      116
   1.137      116
   1.138      116
   1.139      116
   1.14      116
   1.141      116
   1.142      116
   1.143      116
   1.144      116
   1.145      116
   1.146      116
   1.147      116
   1.148      116
   1.149      116
   1.15      116
   1.151      116
   1.152      116
   1.153      116
   1.154      116
   1.155      116
   1.156      116
   1.157      116
   1.158      116
   1.159      116
   1.16      116
   1.161      116
   1.162      116
   1.163      116
   1.164      116
   1.165      116
   1.166      116
   1.167      116
   1.168      116
   1.169      116
   1.17      116
   1.171      116
   1.172      116
   1.173      116
   1.174      116
   1.175      116
   1.176      117
   1.177      117
   1.178      117
   1.179      117
   1.18      117
   1.181      117
   1.182      117
   1.183      117
   1.184      117
   1.185      117
   1.186      117
   1.187      117
   1.188      117
   1.189      117
   1.19      117
   1.191      117
   1.192      117
   1.193      117
   1.194      117
   1.195      117
   1.196      117
   1.197      117
   1.198      117
   1.199      117
   1.2      117
   1.201      117
   1.202      117
   1.203      117
   1.204      117
   1.205      117
   1.206      117
   1.207      117
   1.208      117
   1.209      117
   1.21      117
   1.211      117
   1.212      117
   1.213      117
   1.214      117
   1.215      117
   1.216      117
   1.217      117
   1.218      117
   1.219      117
   1.22      117
   1.221      117
   1.222      117
   1.223      117
   1.224      117
   1.225      117
   1.226      118
   1.227      118
   1.228      118
   1.229      118
   1.23      118
   1.231      118
   1.232      118
   1.233      118
   1.234      118
   1.235      118
   1.236      118
   1.237      118
   1.238      118
   1.239      118
   1.24      118
   1.241      118
   1.242      118
   1.243      118
   1.244      118
   1.245      118
   1.246      118
   1.247      118
   1.248      118
   1.249      118
   1.25      118
   1.251      118
   1.252      118
   1.253      118
   1.254      118
   1.255      118
   1.256      118
   1.257      118
   1.258      118
   1.259      118
   1.26      118
   1.261      118
   1.262      118
   1.263      118
   1.264      118
   1.265      118
   1.266      118
   1.267      119
   1.268      119
   1.269      119
   1.27      119
   1.271      119
   1.272      119
   1.273      119
   1.274      119
   1.275      119
   1.276      119
   1.277      119
   1.278      119
   1.279      119
   1.28      119
   1.281      119
   1.282      119
   1.283      119
   1.284      119
   1.285      119
   1.286      119
   1.287      119
   1.288      119
   1.289      119
   1.29      119
   1.291      119
   1.292      119
   1.293      119
   1.294      119
   1.295      119
   1.296      119
   1.297      119
   1.298      119
   1.299      119
   1.3      119
   1.301      119
   1.302      119
   1.303      120
   1.304      120
   1.305      120
   1.306      120
   1.307      120
   1.308      120
   1.309      120
   1.31      120
   1.311      120
   1.312      120
   1.313      120
   1.314      120
   1.315      120
   1.316      120
   1.317      120
   1.318      120
   1.319      120
   1.32      120
   1.321      120
   1.322      120
   1.323      120
   1.324      120
   1.325      120
   1.326      120
   1.327      120
   1.328      120
   1.329      120
   1.33      120
   1.331      120
   1.332      120
   1.333      120
   1.334      121
   1.335      121
   1.336      121
   1.337      121
   1.338      121
   1.339      121
   1.34      121
   1.341      121
   1.342      121
   1.343      121
   1.344      121
   1.345      121
   1.346      121
   1.347      121
   1.348      121
   1.349      121
   1.35      121
   1.351      121
   1.352      121
   1.353      121
   1.354      121
   1.355      121
   1.356      121
   1.357      121
   1.358      121
   1.359      121
   1.36      121
   1.361      121
   1.362      121
   1.363      122
   1.364      122
   1.365      122
   1.366      122
   1.367      122
   1.368      122
   1.369      122
   1.37      122
   1.371      122
   1.372      122
   1.373      122
   1.374      122
   1.375      122
   1.376      122
   1.377      122
   1.378      122
   1.379      122
   1.38      122
   1.381      122
   1.382      122
   1.383      122
   1.384      122
   1.385      122
   1.386      122
   1.387      122
   1.388      122
   1.389      122
   1.39      123
   1.391      123
   1.392      123
   1.393      123
   1.394      123
   1.395      123
   1.396      123
   1.397      123
   1.398      123
   1.399      123
   1.4      123
   1.401      123
   1.402      123
   1.403      123
   1.404      123
   1.405      123
   1.406      123
   1.407      123
   1.408      123
   1.409      123
   1.41      123
   1.411      123
   1.412      123
   1.413      123
   1.414      123
   1.415      124
   1.416      124
   1.417      124
   1.418      124
   1.419      124
   1.42      124
   1.421      124
   1.422      124
   1.423      124
   1.424      124
   1.425      124
   1.426      124
   1.427      124
   1.428      124
   1.429      124
   1.43      124
   1.431      124
   1.432      124
   1.433      124
   1.434      124
   1.435      124
   1.436      124
   1.437      124
   1.438      125
   1.439      125
   1.44      125
   1.441      125
   1.442      125
   1.443      125
   1.444      125
   1.445      125
   1.446      125
   1.447      125
   1.448      125
   1.449      125
   1.45      125
   1.451      125
   1.452      125
   1.453      125
   1.454      125
   1.455      125
   1.456      125
   1.457      125
   1.458      125
   1.459      125
   1.46      126
   1.461      126
   1.462      126
   1.463      126
   1.464      126
   1.465      126
   1.466      126
   1.467      126
   1.468      126
   1.469      126
   1.47      126
   1.471      126
   1.472      126
   1.473      126
   1.474      126
   1.475      126
   1.476      126
   1.477      126
   1.478      126
   1.479      126
   1.48      126
   1.481      126
   1.482      127
   1.483      127
   1.484      127
   1.485      127
   1.486      127
   1.487      127
   1.488      127
   1.489      127
   1.49      127
   1.491      127
   1.492      127
   1.493      127
   1.494      127
   1.495      127
   1.496      127
   1.497      127
   1.498      127
   1.499      127
   1.5      127
   1.501      127
   1.502      128
   1.503      128
   1.504      128
   1.505      128
   1.506      128
   1.507      128
   1.508      128
   1.509      128
   1.51      128
   1.511      128
   1.512      128
   1.513      128
   1.514      128
   1.515      128
   1.516      128
   1.517      128
   1.518      128
   1.519      128
   1.52      128
   1.521      129
   1.522      129
   1.523      129
   1.524      129
   1.525      129
   1.526      129
   1.527      129
   1.528      129
   1.529      129
   1.53      129
   1.531      129
   1.532      129
   1.533      129
   1.534      129
   1.535      129
   1.536      129
   1.537      129
   1.538      129
   1.539      129
   1.54      130
   1.541      130
   1.542      130
   1.543      130
   1.544      130
   1.545      130
   1.546      130
   1.547      130
   1.548      130
   1.549      130
   1.55      130
   1.551      130
   1.552      130
   1.553      130
   1.554      130
   1.555      130
   1.556      130
   1.557      130
   1.558      131
   1.559      131
   1.56      131
   1.561      131
   1.562      131
   1.563      131
   1.564      131
   1.565      131
   1.566      131
   1.567      131
   1.568      131
   1.569      131
   1.57      131
   1.571      131
   1.572      131
   1.573      131
   1.574      131
   1.575      131
   1.576      132
   1.577      132
   1.578      132
   1.579      132
   1.58      132
   1.581      132
   1.582      132
   1.583      132
   1.584      132
   1.585      132
   1.586      132
   1.587      132
   1.588      132
   1.589      132
   1.59      132
   1.591      132
   1.592      132
   1.593      133
   1.594      133
   1.595      133
   1.596      133
   1.597      133
   1.598      133
   1.599      133
   1.6      133
   1.601      133
   1.602      133
   1.603      133
   1.604      133
   1.605      133
   1.606      133
   1.607      133
   1.608      133
   1.609      133
   1.61      134
   1.611      134
   1.612      134
   1.613      134
   1.614      134
   1.615      134
   1.616      134
   1.617      134
   1.618      134
   1.619      134
   1.62      134
   1.621      134
   1.622      134
   1.623      134
   1.624      134
   1.625      134
   1.626      135
   1.627      135
   1.628      135
   1.629      135
   1.63      135
   1.631      135
   1.632      135
   1.633      135
   1.634      135
   1.635      135
   1.636      135
   1.637      135
   1.638      135
   1.639      135
   1.64      135
   1.641      135
   1.642      136
   1.643      136
   1.644      136
   1.645      136
   1.646      136
   1.647      136
   1.648      136
   1.649      136
   1.65      136
   1.651      136
   1.652      136
   1.653      136
   1.654      136
   1.655      136
   1.656      136
   1.657      136
   1.658      137
   1.659      137
   1.66      137
   1.661      137
   1.662      137
   1.663      137
   1.664      137
   1.665      137
   1.666      137
   1.667      137
   1.668      137
   1.669      137
   1.67      137
   1.671      137
   1.672      137
   1.673      138
   1.674      138
   1.675      138
   1.676      138
   1.677      138
   1.678      138
   1.679      138
   1.68      138
   1.681      138
   1.682      138
   1.683      138
   1.684      138
   1.685      138
   1.686      138
   1.687      138
   1.688      139
   1.689      139
   1.69      139
   1.691      139
   1.692      139
   1.693      139
   1.694      139
   1.695      139
   1.696      139
   1.697      139
   1.698      139
   1.699      139
   1.7      139
   1.701      139
   1.702      140
   1.703      140
   1.704      140
   1.705      140
   1.706      140
   1.707      140
   1.708      140
   1.709      140
   1.71      140
   1.711      140
   1.712      140
   1.713      140
   1.714      140
   1.715      140
   1.716      140
   1.717      141
   1.718      141
   1.719      141
   1.72      141
   1.721      141
   1.722      141
   1.723      141
   1.724      141
   1.725      141
   1.726      141
   1.727      141
   1.728      141
   1.729      141
   1.73      141
   1.731      142
   1.732      142
   1.733      142
   1.734      142
   1.735      142
   1.736      142
   1.737      142
   1.738      142
   1.739      142
   1.74      142
   1.741      142
   1.742      142
   1.743      142
   1.744      142
   1.745      143
   1.746      143
   1.747      143
   1.748      143
   1.749      143
   1.75      143
   1.751      143
   1.752      143
   1.753      143
   1.754      143
   1.755      143
   1.756      143
   1.757      143
   1.758      143
   1.759      144
   1.76      144
   1.761      144
   1.762      144
   1.763      144
   1.764      144
   1.765      144
   1.766      144
   1.767      144
   1.768      144
   1.769      144
   1.77      144
   1.771      144
   1.772      145
   1.773      145
   1.774      145
   1.775      145
   1.776      145
   1.777      145
   1.778      145
   1.779      145
   1.78      145
   1.781      145
   1.782      145
   1.783      145
   1.784      145
   1.785      146
   1.786      146
   1.787      146
   1.788      146
   1.789      146
   1.79      146
   1.791      146
   1.792      146
   1.793      146
   1.794      146
   1.795      146
   1.796      146
   1.797      146
   1.798      146
   1.799      147
   1.8      147
   1.801      147
   1.802      147
   1.803      147
   1.804      147
   1.805      147
   1.806      147
   1.807      147
   1.808      147
   1.809      147
   1.81      147
   1.811      147
   1.812      148
   1.813      148
   1.814      148
   1.815      148
   1.816      148
   1.817      148
   1.818      148
   1.819      148
   1.82      148
   1.821      148
   1.822      148
   1.823      148
   1.824      149
   1.825      149
   1.826      149
   1.827      149
   1.828      149
   1.829      149
   1.83      149
   1.831      149
   1.832      149
   1.833      149
   1.834      149
   1.835      149
   1.836      149
   1.837      150
   1.838      150
   1.839      150
   1.84      150
   1.841      150
   1.842      150
   1.843      150
   1.844      150
   1.845      150
   1.846      150
   1.847      150
   1.848      150
   1.849      150
   1.85      151
   1.851      151
   1.852      151
   1.853      151
   1.854      151
   1.855      151
   1.856      151
   1.857      151
   1.858      151
   1.859      151
   1.86      151
   1.861      151
   1.862      152
   1.863      152
   1.864      152
   1.865      152
   1.866      152
   1.867      152
   1.868      152
   1.869      152
   1.87      152
   1.871      152
   1.872      152
   1.873      152
   1.874      152
   1.875      153
   1.876      153
   1.877      153
   1.878      153
   1.879      153
   1.88      153
   1.881      153
   1.882      153
   1.883      153
   1.884      153
   1.885      153
   1.886      153
   1.887      154
   1.888      154
   1.889      154
   1.89      154
   1.891      154
   1.892      154
   1.893      154
   1.894      154
   1.895      154
   1.896      154
   1.897      154
   1.898      154
   1.899      154
   1.9      155
   1.901      155
   1.902      155
   1.903      155
   1.904      155
   1.905      155
   1.906      155
   1.907      155
   1.908      155
   1.909      155
   1.91      155
   1.911      155
   1.912      156
   1.913      156
   1.914      156
   1.915      156
   1.916      156
   1.917      156
   1.918      156
   1.919      156
   1.92      156
   1.921      156
   1.922      156
   1.923      156
   1.924      157
   1.925      157
   1.926      157
   1.927      157
   1.928      157
   1.929      157
   1.93      157
   1.931      157
   1.932      157
   1.933      157
   1.934      157
   1.935      157
   1.936      158
   1.937      158
   1.938      158
   1.939      158
   1.94      158
   1.941      158
   1.942      158
   1.943      158
   1.944      158
   1.945      158
   1.946      158
   1.947      158
   1.948      159
   1.949      159
   1.95      159
   1.951      159
   1.952      159
   1.953      159
   1.954      159
   1.955      159
   1.956      159
   1.957      159
   1.958      159
   1.959      159
   1.96      160
   1.961      160
   1.962      160
   1.963      160
   1.964      160
   1.965      160
   1.966      160
   1.967      160
   1.968      160
   1.969      160
   1.97      160
   1.971      160
   1.972      161
   1.973      161
   1.974      161
   1.975      161
   1.976      161
   1.977      161
   1.978      161
   1.979      161
   1.98      161
   1.981      161
   1.982      161
   1.983      161
   1.984      162
   1.985      162
   1.986      162
   1.987      162
   1.988      162
   1.989      162
   1.99      162
   1.991      162
   1.992      162
   1.993      162
   1.994      162
   1.995      162
   1.996      163
   1.997      163
   1.998      163
   1.999      163
   2      163
   2.001      163
   2.002      163
   2.003      163
   2.004      163
   2.005      163
   2.006      163
   2.007      163
   2.008      164
   2.009      164
   2.01      164
   2.011      164
   2.012      164
   2.013      164
   2.014      164
   2.015      164
   2.016      164
   2.017      164
   2.018      164
   2.019      164
   2.02      165
   2.021      165
   2.022      165
   2.023      165
   2.024      165
   2.025      165
   2.026      165
   2.027      165
   2.028      165
   2.029      165
   2.03      165
   2.031      165
   2.032      166
   2.033      166
   2.034      166
   2.035      166
   2.036      166
   2.037      166
   2.038      166
   2.039      166
   2.04      166
   2.041      166
   2.042      166
   2.043      166
   2.044      166
   2.045      167
   2.046      167
   2.047      167
   2.048      167
   2.049      167
   2.05      167
   2.051      167
   2.052      167
   2.053      167
   2.054      167
   2.055      167
   2.056      167
   2.057      168
   2.058      168
   2.059      168
   2.06      168
   2.061      168
   2.062      168
   2.063      168
   2.064      168
   2.065      168
   2.066      168
   2.067      168
   2.068      168
   2.069      169
   2.07      169
   2.071      169
   2.072      169
   2.073      169
   2.074      169
   2.075      169
   2.076      169
   2.077      169
   2.078      169
   2.079      169
   2.08      169
   2.081      170
   2.082      170
   2.083      170
   2.084      170
   2.085      170
   2.086      170
   2.087      170
   2.088      170
   2.089      170
   2.09      170
   2.091      170
   2.092      170
   2.093      171
   2.094      171
   2.095      171
   2.096      171
   2.097      171
   2.098      171
   2.099      171
   2.1      171
   2.101      171
   2.102      171
   2.103      171
   2.104      171
   2.105      171
   2.106      172
   2.107      172
   2.108      172
   2.109      172
   2.11      172
   2.111      172
   2.112      172
   2.113      172
   2.114      172
   2.115      172
   2.116      172
   2.117      172
   2.118      173
   2.119      173
   2.12      173
   2.121      173
   2.122      173
   2.123      173
   2.124      173
   2.125      173
   2.126      173
   2.127      173
   2.128      173
   2.129      173
   2.13      173
   2.131      174
   2.132      174
   2.133      174
   2.134      174
   2.135      174
   2.136      174
   2.137      174
   2.138      174
   2.139      174
   2.14      174
   2.141      174
   2.142      174
   2.143      174
   2.144      175
   2.145      175
   2.146      175
   2.147      175
   2.148      175
   2.149      175
   2.15      175
   2.151      175
   2.152      175
   2.153      175
   2.154      175
   2.155      175
   2.156      175
   2.157      176
   2.158      176
   2.159      176
   2.16      176
   2.161      176
   2.162      176
   2.163      176
   2.164      176
   2.165      176
   2.166      176
   2.167      176
   2.168      176
   2.169      176
   2.17      177
   2.171      177
   2.172      177
   2.173      177
   2.174      177
   2.175      177
   2.176      177
   2.177      177
   2.178      177
   2.179      177
   2.18      177
   2.181      177
   2.182      177
   2.183      177
   2.184      178
   2.185      178
   2.186      178
   2.187      178
   2.188      178
   2.189      178
   2.19      178
   2.191      178
   2.192      178
   2.193      178
   2.194      178
   2.195      178
   2.196      178
   2.197      178
   2.198      179
   2.199      179
   2.2      179
   2.201      179
   2.202      179
   2.203      179
   2.204      179
   2.205      179
   2.206      179
   2.207      179
   2.208      179
   2.209      179
   2.21      179
   2.211      179
   2.212      180
   2.213      180
   2.214      180
   2.215      180
   2.216      180
   2.217      180
   2.218      180
   2.219      180
   2.22      180
   2.221      180
   2.222      180
   2.223      180
   2.224      180
   2.225      180
   2.226      181
   2.227      181
   2.228      181
   2.229      181
   2.23      181
   2.231      181
   2.232      181
   2.233      181
   2.234      181
   2.235      181
   2.236      181
   2.237      181
   2.238      181
   2.239      181
   2.24      181
   2.241      182
   2.242      182
   2.243      182
   2.244      182
   2.245      182
   2.246      182
   2.247      182
   2.248      182
   2.249      182
   2.25      182
   2.251      182
   2.252      182
   2.253      182
   2.254      182
   2.255      182
   2.256      182
   2.257      183
   2.258      183
   2.259      183
   2.26      183
   2.261      183
   2.262      183
   2.263      183
   2.264      183
   2.265      183
   2.266      183
   2.267      183
   2.268      183
   2.269      183
   2.27      183
   2.271      183
   2.272      183
   2.273      184
   2.274      184
   2.275      184
   2.276      184
   2.277      184
   2.278      184
   2.279      184
   2.28      184
   2.281      184
   2.282      184
   2.283      184
   2.284      184
   2.285      184
   2.286      184
   2.287      184
   2.288      184
   2.289      184
   2.29      185
   2.291      185
   2.292      185
   2.293      185
   2.294      185
   2.295      185
   2.296      185
   2.297      185
   2.298      185
   2.299      185
   2.3      185
   2.301      185
   2.302      185
   2.303      185
   2.304      185
   2.305      185
   2.306      185
   2.307      185
   2.308      186
   2.309      186
   2.31      186
   2.311      186
   2.312      186
   2.313      186
   2.314      186
   2.315      186
   2.316      186
   2.317      186
   2.318      186
   2.319      186
   2.32      186
   2.321      186
   2.322      186
   2.323      186
   2.324      186
   2.325      186
   2.326      186
   2.327      187
   2.328      187
   2.329      187
   2.33      187
   2.331      187
   2.332      187
   2.333      187
   2.334      187
   2.335      187
   2.336      187
   2.337      187
   2.338      187
   2.339      187
   2.34      187
   2.341      187
   2.342      187
   2.343      187
   2.344      187
   2.345      187
   2.346      187
   2.347      187
   2.348      188
   2.349      188
   2.35      188
   2.351      188
   2.352      188
   2.353      188
   2.354      188
   2.355      188
   2.356      188
   2.357      188
   2.358      188
   2.359      188
   2.36      188
   2.361      188
   2.362      188
   2.363      188
   2.364      188
   2.365      188
   2.366      188
   2.367      188
   2.368      188
   2.369      188
   2.37      188
   2.371      189
   2.372      189
   2.373      189
   2.374      189
   2.375      189
   2.376      189
   2.377      189
   2.378      189
   2.379      189
   2.38      189
   2.381      189
   2.382      189
   2.383      189
   2.384      189
   2.385      189
   2.386      189
   2.387      189
   2.388      189
   2.389      189
   2.39      189
   2.391      189
   2.392      189
   2.393      189
   2.394      189
   2.395      189
   2.396      189
   2.397      189
   2.398      189
   2.399      190
   2.4      190
   2.401      190
   2.402      190
   2.403      190
   2.404      190
   2.405      190
   2.406      190
   2.407      190
   2.408      190
   2.409      190
   2.41      190
   2.411      190
   2.412      190
   2.413      190
   2.414      190
   2.415      190
   2.416      190
   2.417      190
   2.418      190
   2.419      190
   2.42      190
   2.421      190
   2.422      190
   2.423      190
   2.424      190
   2.425      190
   2.426      190
   2.427      190
   2.428      190
   2.429      190
   2.43      190
   2.431      190
   2.432      190
   2.433      190
   2.434      190
   2.435      190
   2.436      190
   2.437      191
   2.438      191
   2.439      191
   2.44      191
   2.441      191
   2.442      191
   2.443      191
   2.444      191
   2.445      191
   2.446      191
   2.447      191
   2.448      191
   2.449      191
   2.45      191
   2.451      191
   2.452      191
   2.453      191
   2.454      191
   2.455      191
   2.456      191
   2.457      191
   2.458      191
   2.459      191
   2.46      191
   2.461      191
   2.462      191
   2.463      191
   2.464      191
   2.465      191
   2.466      191
   2.467      191
   2.468      191
   2.469      191
   2.47      191
   2.471      191
   2.472      191
   2.473      191
   2.474      191
   2.475      191
   2.476      191
   2.477      191
   2.478      191
   2.479      191
   2.48      191
   2.481      191
   2.482      191
   2.483      191
   2.484      191
   2.485      191
   2.486      191
   2.487      191
   2.488      191
   2.489      191
   2.49      191
   2.491      191
   2.492      191
   2.493      191
   2.494      191
   2.495      191
   2.496      191
   2.497      191
   2.498      191
   2.499      191
   2.5      191
   2.501      191
   2.502      191
   2.503      191
   2.504      191
   2.505      191
   2.506      191
   2.507      191
   2.508      191
   2.509      191
   2.51      191
   2.511      191
   2.512      191
   2.513      191
   2.514      191
   2.515      191
   2.516      191
   2.517      191
   2.518      191
   2.519      191
   2.52      191
   2.521      191
   2.522      191
   2.523      191
   2.524      191
   2.525      191
   2.526      191
   2.527      191
   2.528      191
   2.529      191
   2.53      191
   2.531      191
   2.532      191
   2.533      191
   2.534      191
   2.535      191
   2.536      191
   2.537      191
   2.538      191
   2.539      191
   2.54      191
   2.541      191
   2.542      191
   2.543      191
   2.544      191
   2.545      191
   2.546      191
   2.547      191
   2.548      191
   2.549      191
   2.55      191
   2.551      191
   2.552      191
   2.553      191
   2.554      191
   2.555      191
   2.556      191
   2.557      191
   2.558      191
   2.559      191
   2.56      191
   2.561      190
   2.562      190
   2.563      190
   2.564      190
   2.565      190
   2.566      190
   2.567      190
   2.568      190
   2.569      190
   2.57      190
   2.571      190
   2.572      190
   2.573      190
   2.574      190
   2.575      190
   2.576      190
   2.577      190
   2.578      190
   2.579      190
   2.58      190
   2.581      190
   2.582      190
   2.583      190
   2.584      190
   2.585      190
   2.586      190
   2.587      190
   2.588      190
   2.589      190
   2.59      190
   2.591      190
   2.592      190
   2.593      190
   2.594      190
   2.595      189
   2.596      189
   2.597      189
   2.598      189
   2.599      189
   2.6      189
   2.601      189
   2.602      189
   2.603      189
   2.604      189
   2.605      189
   2.606      189
   2.607      189
   2.608      189
   2.609      189
   2.61      189
   2.611      189
   2.612      189
   2.613      189
   2.614      189
   2.615      189
   2.616      189
   2.617      189
   2.618      189
   2.619      188
   2.62      188
   2.621      188
   2.622      188
   2.623      188
   2.624      188
   2.625      188
   2.626      188
   2.627      188
   2.628      188
   2.629      188
   2.63      188
   2.631      188
   2.632      188
   2.633      188
   2.634      188
   2.635      188
   2.636      188
   2.637      188
   2.638      188
   2.639      187
   2.64      187
   2.641      187
   2.642      187
   2.643      187
   2.644      187
   2.645      187
   2.646      187
   2.647      187
   2.648      187
   2.649      187
   2.65      187
   2.651      187
   2.652      187
   2.653      187
   2.654      187
   2.655      187
   2.656      186
   2.657      186
   2.658      186
   2.659      186
   2.66      186
   2.661      186
   2.662      186
   2.663      186
   2.664      186
   2.665      186
   2.666      186
   2.667      186
   2.668      186
   2.669      186
   2.67      186
   2.671      185
   2.672      185
   2.673      185
   2.674      185
   2.675      185
   2.676      185
   2.677      185
   2.678      185
   2.679      185
   2.68      185
   2.681      185
   2.682      185
   2.683      185
   2.684      185
   2.685      184
   2.686      184
   2.687      184
   2.688      184
   2.689      184
   2.69      184
   2.691      184
   2.692      184
   2.693      184
   2.694      184
   2.695      184
   2.696      184
   2.697      184
   2.698      183
   2.699      183
   2.7      183
   2.701      183
   2.702      183
   2.703      183
   2.704      183
   2.705      183
   2.706      183
   2.707      183
   2.708      183
   2.709      183
   2.71      182
   2.711      182
   2.712      182
   2.713      182
   2.714      182
   2.715      182
   2.716      182
   2.717      182
   2.718      182
   2.719      182
   2.72      182
   2.721      181
   2.722      181
   2.723      181
   2.724      181
   2.725      181
   2.726      181
   2.727      181
   2.728      181
   2.729      181
   2.73      181
   2.731      181
   2.732      180
   2.733      180
   2.734      180
   2.735      180
   2.736      180
   2.737      180
   2.738      180
   2.739      180
   2.74      180
   2.741      180
   2.742      179
   2.743      179
   2.744      179
   2.745      179
   2.746      179
   2.747      179
   2.748      179
   2.749      179
   2.75      179
   2.751      179
   2.752      178
   2.753      178
   2.754      178
   2.755      178
   2.756      178
   2.757      178
   2.758      178
   2.759      178
   2.76      178
   2.761      177
   2.762      177
   2.763      177
   2.764      177
   2.765      177
   2.766      177
   2.767      177
   2.768      177
   2.769      177
   2.77      176
   2.771      176
   2.772      176
   2.773      176
   2.774      176
   2.775      176
   2.776      176
   2.777      176
   2.778      176
   2.779      175
   2.78      175
   2.781      175
   2.782      175
   2.783      175
   2.784      175
   2.785      175
   2.786      175
   2.787      174
   2.788      174
   2.789      174
   2.79      174
   2.791      174
   2.792      174
   2.793      174
   2.794      174
   2.795      173
   2.796      173
   2.797      173
   2.798      173
   2.799      173
   2.8      173
   2.801      173
   2.802      173
   2.803      172
   2.804      172
   2.805      172
   2.806      172
   2.807      172
   2.808      172
   2.809      172
   2.81      172
   2.811      171
   2.812      171
   2.813      171
   2.814      171
   2.815      171
   2.816      171
   2.817      171
   2.818      171
   2.819      170
   2.82      170
   2.821      170
   2.822      170
   2.823      170
   2.824      170
   2.825      170
   2.826      169
   2.827      169
   2.828      169
   2.829      169
   2.83      169
   2.831      169
   2.832      169
   2.833      168
   2.834      168
   2.835      168
   2.836      168
   2.837      168
   2.838      168
   2.839      168
   2.84      167
   2.841      167
   2.842      167
   2.843      167
   2.844      167
   2.845      167
   2.846      167
   2.847      166
   2.848      166
   2.849      166
   2.85      166
   2.851      166
   2.852      166
   2.853      166
   2.854      165
   2.855      165
   2.856      165
   2.857      165
   2.858      165
   2.859      165
   2.86      165
   2.861      164
   2.862      164
   2.863      164
   2.864      164
   2.865      164
   2.866      164
   2.867      163
   2.868      163
   2.869      163
   2.87      163
   2.871      163
   2.872      163
   2.873      163
   2.874      162
   2.875      162
   2.876      162
   2.877      162
   2.878      162
   2.879      162
   2.88      161
   2.881      161
   2.882      161
   2.883      161
   2.884      161
   2.885      161
   2.886      160
   2.887      160
   2.888      160
   2.889      160
   2.89      160
   2.891      160
   2.892      159
   2.893      159
   2.894      159
   2.895      159
   2.896      159
   2.897      159
   2.898      158
   2.899      158
   2.9      158
   2.901      158
   2.902      158
   2.903      158
   2.904      157
   2.905      157
   2.906      157
   2.907      157
   2.908      157
   2.909      157
   2.91      156
   2.911      156
   2.912      156
   2.913      156
   2.914      156
   2.915      156
   2.916      155
   2.917      155
   2.918      155
   2.919      155
   2.92      155
   2.921      155
   2.922      154
   2.923      154
   2.924      154
   2.925      154
   2.926      154
   2.927      154
   2.928      153
   2.929      153
   2.93      153
   2.931      153
   2.932      153
   2.933      152
   2.934      152
   2.935      152
   2.936      152
   2.937      152
   2.938      152
   2.939      151
   2.94      151
   2.941      151
   2.942      151
   2.943      151
   2.944      150
   2.945      150
   2.946      150
   2.947      150
   2.948      150
   2.949      150
   2.95      149
   2.951      149
   2.952      149
   2.953      149
   2.954      149
   2.955      148
   2.956      148
   2.957      148
   2.958      148
   2.959      148
   2.96      148
   2.961      147
   2.962      147
   2.963      147
   2.964      147
   2.965      147
   2.966      146
   2.967      146
   2.968      146
   2.969      146
   2.97      146
   2.971      145
   2.972      145
   2.973      145
   2.974      145
   2.975      145
   2.976      145
   2.977      144
   2.978      144
   2.979      144
   2.98      144
   2.981      144
   2.982      143
   2.983      143
   2.984      143
   2.985      143
   2.986      143
   2.987      142
   2.988      142
   2.989      142
   2.99      142
   2.991      142
   2.992      141
   2.993      141
   2.994      141
   2.995      141
   2.996      141
   2.997      140
   2.998      140
   2.999      140
   3      140
   3.001      140
   3.002      139
   3.003      139
   3.004      139
   3.005      139
   3.006      139
   3.007      138
   3.008      138
   3.009      138
   3.01      138
   3.011      138
   3.012      137
   3.013      137
   3.014      137
   3.015      137
   3.016      137
   3.017      136
   3.018      136
   3.019      136
   3.02      136
   3.021      136
   3.022      135
   3.023      135
   3.024      135
   3.025      135
   3.026      135
   3.027      134
   3.028      134
   3.029      134
   3.03      134
   3.031      134
   3.032      133
   3.033      133
   3.034      133
   3.035      133
   3.036      133
   3.037      132
   3.038      132
   3.039      132
   3.04      132
   3.041      132
   3.042      131
   3.043      131
   3.044      131
   3.045      131
   3.046      131
   3.047      130
   3.048      130
   3.049      130
   3.05      130
   3.051      130
   3.052      129
   3.053      129
   3.054      129
   3.055      129
   3.056      129
   3.057      128
   3.058      128
   3.059      128
   3.06      128
   3.061      128
   3.062      127
   3.063      127
   3.064      127
   3.065      127
   3.066      127
   3.067      126
   3.068      126
   3.069      126
   3.07      126
   3.071      125
   3.072      125
   3.073      125
   3.074      125
   3.075      125
   3.076      124
   3.077      124
   3.078      124
   3.079      124
   3.08      124
   3.081      123
   3.082      123
   3.083      123
   3.084      123
   3.085      123
   3.086      122
   3.087      122
   3.088      122
   3.089      122
   3.09      122
   3.091      121
   3.092      121
   3.093      121
   3.094      121
   3.095      120
   3.096      120
   3.097      120
   3.098      120
   3.099      120
   3.1      119
   3.101      119
   3.102      119
   3.103      119
   3.104      119
   3.105      118
   3.106      118
   3.107      118
   3.108      118
   3.109      118
   3.11      117
   3.111      117
   3.112      117
   3.113      117
   3.114      117
   3.115      116
   3.116      116
   3.117      116
   3.118      116
   3.119      115
   3.12      115
   3.121      115
   3.122      115
   3.123      115
   3.124      114
   3.125      114
   3.126      114
   3.127      114
   3.128      114
   3.129      113
   3.13      113
   3.131      113
   3.132      113
   3.133      113
   3.134      112
   3.135      112
   3.136      112
   3.137      112
   3.138      112
   3.139      111
   3.14      111
   3.141      111
   3.142      111
   3.143      110
   3.144      110
   3.145      110
   3.146      110
   3.147      110
   3.148      109
   3.149      109
   3.15      109
   3.151      109
   3.152      109
   3.153      108
   3.154      108
   3.155      108
   3.156      108
   3.157      108
   3.158      107
   3.159      107
   3.16      107
   3.161      107
   3.162      107
   3.163      106
   3.164      106
   3.165      106
   3.166      106
   3.167      106
   3.168      105
   3.169      105
   3.17      105
   3.171      105
   3.172      105
   3.173      104
   3.174      104
   3.175      104
   3.176      104
   3.177      104
   3.178      103
   3.179      103
   3.18      103
   3.181      103
   3.182      103
   3.183      102
   3.184      102
   3.185      102
   3.186      102
   3.187      102
   3.188      101
   3.189      101
   3.19      101
   3.191      101
   3.192      101
   3.193      100
   3.194      100
   3.195      100
   3.196      100
   3.197      100
   3.198      99
   3.199      99
   3.2      99
   3.201      99
   3.202      99
   3.203      98
   3.204      98
   3.205      98
   3.206      98
   3.207      98
   3.208      97
   3.209      97
   3.21      97
   3.211      97
   3.212      97
   3.213      96
   3.214      96
   3.215      96
   3.216      96
   3.217      96
   3.218      95
   3.219      95
   3.22      95
   3.221      95
   3.222      95
   3.223      94
   3.224      94
   3.225      94
   3.226      94
   3.227      94
   3.228      94
   3.229      93
   3.23      93
   3.231      93
   3.232      93
   3.233      93
   3.234      92
   3.235      92
   3.236      92
   3.237      92
   3.238      92
   3.239      91
   3.24      91
   3.241      91
   3.242      91
   3.243      91
   3.244      91
   3.245      90
   3.246      90
   3.247      90
   3.248      90
   3.249      90
   3.25      89
   3.251      89
   3.252      89
   3.253      89
   3.254      89
   3.255      89
   3.256      88
   3.257      88
   3.258      88
   3.259      88
   3.26      88
   3.261      87
   3.262      87
   3.263      87
   3.264      87
   3.265      87
   3.266      87
   3.267      86
   3.268      86
   3.269      86
   3.27      86
   3.271      86
   3.272      86
   3.273      85
   3.274      85
   3.275      85
   3.276      85
   3.277      85
   3.278      85
   3.279      84
   3.28      84
   3.281      84
   3.282      84
   3.283      84
   3.284      84
   3.285      83
   3.286      83
   3.287      83
   3.288      83
   3.289      83
   3.29      83
   3.291      82
   3.292      82
   3.293      82
   3.294      82
   3.295      82
   3.296      82
   3.297      81
   3.298      81
   3.299      81
   3.3      81
   3.301      81
   3.302      81
   3.303      80
   3.304      80
   3.305      80
   3.306      80
   3.307      80
   3.308      80
   3.309      80
   3.31      79
   3.311      79
   3.312      79
   3.313      79
   3.314      79
   3.315      79
   3.316      79
   3.317      78
   3.318      78
   3.319      78
   3.32      78
   3.321      78
   3.322      78
   3.323      77
   3.324      77
   3.325      77
   3.326      77
   3.327      77
   3.328      77
   3.329      77
   3.33      76
   3.331      76
   3.332      76
   3.333      76
   3.334      76
   3.335      76
   3.336      76
   3.337      76
   3.338      75
   3.339      75
   3.34      75
   3.341      75
   3.342      75
   3.343      75
   3.344      75
   3.345      74
   3.346      74
   3.347      74
   3.348      74
   3.349      74
   3.35      74
   3.351      74
   3.352      74
   3.353      73
   3.354      73
   3.355      73
   3.356      73
   3.357      73
   3.358      73
   3.359      73
   3.36      73
   3.361      72
   3.362      72
   3.363      72
   3.364      72
   3.365      72
   3.366      72
   3.367      72
   3.368      72
   3.369      72
   3.37      71
   3.371      71
   3.372      71
   3.373      71
   3.374      71
   3.375      71
   3.376      71
   3.377      71
   3.378      71
   3.379      70
   3.38      70
   3.381      70
   3.382      70
   3.383      70
   3.384      70
   3.385      70
   3.386      70
   3.387      70
   3.388      69
   3.389      69
   3.39      69
   3.391      69
   3.392      69
   3.393      69
   3.394      69
   3.395      69
   3.396      69
   3.397      69
   3.398      69
   3.399      68
   3.4      68
   3.401      68
   3.402      68
   3.403      68
   3.404      68
   3.405      68
   3.406      68
   3.407      68
   3.408      68
   3.409      68
   3.41      67
   3.411      67
   3.412      67
   3.413      67
   3.414      67
   3.415      67
   3.416      67
   3.417      67
   3.418      67
   3.419      67
   3.42      67
   3.421      67
   3.422      67
   3.423      66
   3.424      66
   3.425      66
   3.426      66
   3.427      66
   3.428      66
   3.429      66
   3.43      66
   3.431      66
   3.432      66
   3.433      66
   3.434      66
   3.435      66
   3.436      66
   3.437      66
   3.438      66
   3.439      65
   3.44      65
   3.441      65
   3.442      65
   3.443      65
   3.444      65
   3.445      65
   3.446      65
   3.447      65
   3.448      65
   3.449      65
   3.45      65
   3.451      65
   3.452      65
   3.453      65
   3.454      65
   3.455      65
   3.456      65
   3.457      65
   3.458      65
   3.459      64
   3.46      64
   3.461      64
   3.462      64
   3.463      64
   3.464      64
   3.465      64
   3.466      64
   3.467      64
   3.468      64
   3.469      64
   3.47      64
   3.471      64
   3.472      64
   3.473      64
   3.474      64
   3.475      64
   3.476      64
   3.477      64
   3.478      64
   3.479      64
   3.48      64
   3.481      64
   3.482      64
   3.483      64
   3.484      64
   3.485      64
   3.486      64
   3.487      64
   3.488      64
   3.489      64
   3.49      64
   3.491      64
   3.492      64
   3.493      64
   3.494      64
   3.495      64
   3.496      64
   3.497      64
   3.498      64
   3.499      64
   3.5      64
   3.501      64
   3.502      64
   3.503      64
   3.504      64
   3.505      64
   3.506      64
   3.507      64
   3.508      64
   3.509      64
   3.51      64
   3.511      64
   3.512      64
   3.513      64
   3.514      64
   3.515      64
   3.516      64
   3.517      64
   3.518      64
   3.519      64
   3.52      64
   3.521      64
   3.522      64
   3.523      64
   3.524      64
   3.525      64
   3.526      64
   3.527      64
   3.528      64
   3.529      64
   3.53      64
   3.531      64
   3.532      64
   3.533      64
   3.534      64
   3.535      64
   3.536      64
   3.537      64
   3.538      64
   3.539      64
   3.54      64
   3.541      65
   3.542      65
   3.543      65
   3.544      65
   3.545      65
   3.546      65
   3.547      65
   3.548      65
   3.549      65
   3.55      65
   3.551      65
   3.552      65
   3.553      65
   3.554      65
   3.555      65
   3.556      65
   3.557      65
   3.558      65
   3.559      65
   3.56      65
   3.561      66
   3.562      66
   3.563      66
   3.564      66
   3.565      66
   3.566      66
   3.567      66
   3.568      66
   3.569      66
   3.57      66
   3.571      66
   3.572      66
   3.573      66
   3.574      66
   3.575      67
   3.576      67
   3.577      67
   3.578      67
   3.579      67
   3.58      67
   3.581      67
   3.582      67
   3.583      67
   3.584      67
   3.585      67
   3.586      67
   3.587      67
   3.588      68
   3.589      68
   3.59      68
   3.591      68
   3.592      68
   3.593      68
   3.594      68
   3.595      68
   3.596      68
   3.597      68
   3.598      69
   3.599      69
   3.6      69
   3.601      69
   3.602      69
   3.603      69
   3.604      69
   3.605      69
   3.606      69
   3.607      69
   3.608      70
   3.609      70
   3.61      70
   3.611      70
   3.612      70
   3.613      70
   3.614      70
   3.615      70
   3.616      70
   3.617      71
   3.618      71
   3.619      71
   3.62      71
   3.621      71
   3.622      71
   3.623      71
   3.624      71
   3.625      72
   3.626      72
   3.627      72
   3.628      72
   3.629      72
   3.63      72
   3.631      72
   3.632      72
   3.633      73
   3.634      73
   3.635      73
   3.636      73
   3.637      73
   3.638      73
   3.639      73
   3.64      74
   3.641      74
   3.642      74
   3.643      74
   3.644      74
   3.645      74
   3.646      74
   3.647      75
   3.648      75
   3.649      75
   3.65      75
   3.651      75
   3.652      75
   3.653      76
   3.654      76
   3.655      76
   3.656      76
   3.657      76
   3.658      76
   3.659      76
   3.66      77
   3.661      77
   3.662      77
   3.663      77
   3.664      77
   3.665      77
   3.666      78
   3.667      78
   3.668      78
   3.669      78
   3.67      78
   3.671      78
   3.672      79
   3.673      79
   3.674      79
   3.675      79
   3.676      79
   3.677      79
   3.678      80
   3.679      80
   3.68      80
   3.681      80
   3.682      80
   3.683      81
   3.684      81
   3.685      81
   3.686      81
   3.687      81
   3.688      81
   3.689      82
   3.69      82
   3.691      82
   3.692      82
   3.693      82
   3.694      83
   3.695      83
   3.696      83
   3.697      83
   3.698      83
   3.699      84
   3.7      84
   3.701      84
   3.702      84
   3.703      84
   3.704      85
   3.705      85
   3.706      85
   3.707      85
   3.708      85
   3.709      86
   3.71      86
   3.711      86
   3.712      86
   3.713      86
   3.714      87
   3.715      87
   3.716      87
   3.717      87
   3.718      87
   3.719      88
   3.72      88
   3.721      88
   3.722      88
   3.723      89
   3.724      89
   3.725      89
   3.726      89
   3.727      89
   3.728      90
   3.729      90
   3.73      90
   3.731      90
   3.732      91
   3.733      91
   3.734      91
   3.735      91
   3.736      91
   3.737      92
   3.738      92
   3.739      92
   3.74      92
   3.741      93
   3.742      93
   3.743      93
   3.744      93
   3.745      93
   3.746      94
   3.747      94
   3.748      94
   3.749      94
   3.75      95
   3.751      95
   3.752      95
   3.753      95
   3.754      96
   3.755      96
   3.756      96
   3.757      96
   3.758      97
   3.759      97
   3.76      97
   3.761      97
   3.762      98
   3.763      98
   3.764      98
   3.765      98
   3.766      99
   3.767      99
   3.768      99
   3.769      99
   3.77      100
   3.771      100
   3.772      100
   3.773      100
   3.774      101
   3.775      101
   3.776      101
   3.777      101
   3.778      102
   3.779      102
   3.78      102
   3.781      102
   3.782      103
   3.783      103
   3.784      103
   3.785      103
   3.786      104
   3.787      104
   3.788      104
   3.789      104
   3.79      105
   3.791      105
   3.792      105
   3.793      105
   3.794      106
   3.795      106
   3.796      106
   3.797      106
   3.798      107
   3.799      107
   3.8      107
   3.801      108
   3.802      108
   3.803      108
   3.804      108
   3.805      109
   3.806      109
   3.807      109
   3.808      109
   3.809      110
   3.81      110
   3.811      110
   3.812      110
   3.813      111
   3.814      111
   3.815      111
   3.816      112
   3.817      112
   3.818      112
   3.819      112
   3.82      113
   3.821      113
   3.822      113
   3.823      113
   3.824      114
   3.825      114
   3.826      114
   3.827      115
   3.828      115
   3.829      115
   3.83      115
   3.831      116
   3.832      116
   3.833      116
   3.834      117
   3.835      117
   3.836      117
   3.837      117
   3.838      118
   3.839      118
   3.84      118
   3.841      119
   3.842      119
   3.843      119
   3.844      119
   3.845      120
   3.846      120
   3.847      120
   3.848      120
   3.849      121
   3.85      121
   3.851      121
   3.852      122
   3.853      122
   3.854      122
   3.855      122
   3.856      123
   3.857      123
   3.858      123
   3.859      124
   3.86      124
   3.861      124
   3.862      124
   3.863      125
   3.864      125
   3.865      125
   3.866      126
   3.867      126
   3.868      126
   3.869      126
   3.87      127
   3.871      127
   3.872      127
   3.873      128
   3.874      128
   3.875      128
   3.876      129
   3.877      129
   3.878      129
   3.879      129
   3.88      130
   3.881      130
   3.882      130
   3.883      131
   3.884      131
   3.885      131
   3.886      131
   3.887      132
   3.888      132
   3.889      132
   3.89      133
   3.891      133
   3.892      133
   3.893      133
   3.894      134
   3.895      134
   3.896      134
   3.897      135
   3.898      135
   3.899      135
   3.9      135
   3.901      136
   3.902      136
   3.903      136
   3.904      137
   3.905      137
   3.906      137
   3.907      137
   3.908      138
   3.909      138
   3.91      138
   3.911      139
   3.912      139
   3.913      139
   3.914      139
   3.915      140
   3.916      140
   3.917      140
   3.918      141
   3.919      141
   3.92      141
   3.921      141
   3.922      142
   3.923      142
   3.924      142
   3.925      143
   3.926      143
   3.927      143
   3.928      143
   3.929      144
   3.93      144
   3.931      144
   3.932      145
   3.933      145
   3.934      145
   3.935      145
   3.936      146
   3.937      146
   3.938      146
   3.939      147
   3.94      147
   3.941      147
   3.942      147
   3.943      148
   3.944      148
   3.945      148
   3.946      148
   3.947      149
   3.948      149
   3.949      149
   3.95      150
   3.951      150
   3.952      150
   3.953      150
   3.954      151
   3.955      151
   3.956      151
   3.957      152
   3.958      152
   3.959      152
   3.96      152
   3.961      153
   3.962      153
   3.963      153
   3.964      153
   3.965      154
   3.966      154
   3.967      154
   3.968      155
   3.969      155
   3.97      155
   3.971      155
   3.972      156
   3.973      156
   3.974      156
   3.975      156
   3.976      157
   3.977      157
   3.978      157
   3.979      157
   3.98      158
   3.981      158
   3.982      158
   3.983      159
   3.984      159
   3.985      159
   3.986      159
   3.987      160
   3.988      160
   3.989      160
   3.99      160
   3.991      161
   3.992      161
   3.993      161
   3.994      161
   3.995      162
   3.996      162
   3.997      162
   3.998      162
   3.999      163
   4      163
   4.001      163
   4.002      163
   4.003      164
   4.004      164
   4.005      164
   4.006      164
   4.007      165
   4.008      165
   4.009      165
   4.01      165
   4.011      166
   4.012      166
   4.013      166
   4.014      166
   4.015      167
   4.016      167
   4.017      167
   4.018      167
   4.019      167
   4.02      168
   4.021      168
   4.022      168
   4.023      168
   4.024      169
   4.025      169
   4.026      169
   4.027      169
   4.028      170
   4.029      170
   4.03      170
   4.031      170
   4.032      170
   4.033      171
   4.034      171
   4.035      171
   4.036      171
   4.037      172
   4.038      172
   4.039      172
   4.04      172
   4.041      172
   4.042      173
   4.043      173
   4.044      173
   4.045      173
   4.046      173
   4.047      174
   4.048      174
   4.049      174
   4.05      174
   4.051      175
   4.052      175
   4.053      175
   4.054      175
   4.055      175
   4.056      176
   4.057      176
   4.058      176
   4.059      176
   4.06      176
   4.061      177
   4.062      177
   4.063      177
   4.064      177
   4.065      177
   4.066      178
   4.067      178
   4.068      178
   4.069      178
   4.07      178
   4.071      178
   4.072      179
   4.073      179
   4.074      179
   4.075      179
   4.076      179
   4.077      180
   4.078      180
   4.079      180
   4.08      180
   4.081      180
   4.082      180
   4.083      181
   4.084      181
   4.085      181
   4.086      181
   4.087      181
   4.088      181
   4.089      182
   4.09      182
   4.091      182
   4.092      182
   4.093      182
   4.094      182
   4.095      183
   4.096      183
   4.097      183
   4.098      183
   4.099      183
   4.1      183
   4.101      183
   4.102      184
   4.103      184
   4.104      184
   4.105      184
   4.106      184
   4.107      184
   4.108      184
   4.109      185
   4.11      185
   4.111      185
   4.112      185
   4.113      185
   4.114      185
   4.115      185
   4.116      186
   4.117      186
   4.118      186
   4.119      186
   4.12      186
   4.121      186
   4.122      186
   4.123      186
   4.124      187
   4.125      187
   4.126      187
   4.127      187
   4.128      187
   4.129      187
   4.13      187
   4.131      187
   4.132      187
   4.133      188
   4.134      188
   4.135      188
   4.136      188
   4.137      188
   4.138      188
   4.139      188
   4.14      188
   4.141      188
   4.142      188
   4.143      188
   4.144      189
   4.145      189
   4.146      189
   4.147      189
   4.148      189
   4.149      189
   4.15      189
   4.151      189
   4.152      189
   4.153      189
   4.154      189
   4.155      189
   4.156      190
   4.157      190
   4.158      190
   4.159      190
   4.16      190
   4.161      190
   4.162      190
   4.163      190
   4.164      190
   4.165      190
   4.166      190
   4.167      190
   4.168      190
   4.169      190
   4.17      190
   4.171      190
   4.172      190
   4.173      191
   4.174      191
   4.175      191
   4.176      191
   4.177      191
   4.178      191
   4.179      191
   4.18      191
   4.181      191
   4.182      191
   4.183      191
   4.184      191
   4.185      191
   4.186      191
   4.187      191
   4.188      191
   4.189      191
   4.19      191
   4.191      191
   4.192      191
   4.193      191
   4.194      191
   4.195      191
   4.196      191
   4.197      191
   4.198      191
   4.199      191
   4.2      191
   4.201      191
   4.202      191
   4.203      191
   4.204      191
   4.205      191
   4.206      191
   4.207      191
   4.208      191
   4.209      191
   4.21      191
   4.211      191
   4.212      191
   4.213      191
   4.214      191
   4.215      191
   4.216      191
   4.217      191
   4.218      191
   4.219      191
   4.22      191
   4.221      191
   4.222      191
   4.223      191
   4.224      191
   4.225      191
   4.226      191
   4.227      191
   4.228      191
   4.229      191
   4.23      191
   4.231      190
   4.232      190
   4.233      190
   4.234      190
   4.235      190
   4.236      190
   4.237      190
   4.238      190
   4.239      190
   4.24      190
   4.241      190
   4.242      190
   4.243      190
   4.244      190
   4.245      190
   4.246      190
   4.247      189
   4.248      189
   4.249      189
   4.25      189
   4.251      189
   4.252      189
   4.253      189
   4.254      189
   4.255      189
   4.256      189
   4.257      189
   4.258      189
   4.259      188
   4.26      188
   4.261      188
   4.262      188
   4.263      188
   4.264      188
   4.265      188
   4.266      188
   4.267      188
   4.268      188
   4.269      187
   4.27      187
   4.271      187
   4.272      187
   4.273      187
   4.274      187
   4.275      187
   4.276      187
   4.277      187
   4.278      186
   4.279      186
   4.28      186
   4.281      186
   4.282      186
   4.283      186
   4.284      186
   4.285      186
   4.286      185
   4.287      185
   4.288      185
   4.289      185
   4.29      185
   4.291      185
   4.292      185
   4.293      184
   4.294      184
   4.295      184
   4.296      184
   4.297      184
   4.298      184
   4.299      183
   4.3      183
   4.301      183
   4.302      183
   4.303      183
   4.304      183
   4.305      182
   4.306      182
   4.307      182
   4.308      182
   4.309      182
   4.31      182
   4.311      181
   4.312      181
   4.313      181
   4.314      181
   4.315      181
   4.316      181
   4.317      180
   4.318      180
   4.319      180
   4.32      180
   4.321      180
   4.322      179
   4.323      179
   4.324      179
   4.325      179
   4.326      179
   4.327      178
   4.328      178
   4.329      178
   4.33      178
   4.331      178
   4.332      177
   4.333      177
   4.334      177
   4.335      177
   4.336      177
   4.337      176
   4.338      176
   4.339      176
   4.34      176
   4.341      176
   4.342      175
   4.343      175
   4.344      175
   4.345      175
   4.346      174
   4.347      174
   4.348      174
   4.349      174
   4.35      173
   4.351      173
   4.352      173
   4.353      173
   4.354      173
   4.355      172
   4.356      172
   4.357      172
   4.358      172
   4.359      171
   4.36      171
   4.361      171
   4.362      171
   4.363      170
   4.364      170
   4.365      170
   4.366      170
   4.367      169
   4.368      169
   4.369      169
   4.37      169
   4.371      168
   4.372      168
   4.373      168
   4.374      168
   4.375      167
   4.376      167
   4.377      167
   4.378      166
   4.379      166
   4.38      166
   4.381      166
   4.382      165
   4.383      165
   4.384      165
   4.385      165
   4.386      164
   4.387      164
   4.388      164
   4.389      163
   4.39      163
   4.391      163
   4.392      163
   4.393      162
   4.394      162
   4.395      162
   4.396      161
   4.397      161
   4.398      161
   4.399      161
   4.4      160
   4.401      160
   4.402      160
   4.403      159
   4.404      159
   4.405      159
   4.406      159
   4.407      158
   4.408      158
   4.409      158
   4.41      157
   4.411      157
   4.412      157
   4.413      156
   4.414      156
   4.415      156
   4.416      156
   4.417      155
   4.418      155
   4.419      155
   4.42      154
   4.421      154
   4.422      154
   4.423      153
   4.424      153
   4.425      153
   4.426      152
   4.427      152
   4.428      152
   4.429      151
   4.43      151
   4.431      151
   4.432      150
   4.433      150
   4.434      150
   4.435      150
   4.436      149
   4.437      149
   4.438      149
   4.439      148
   4.44      148
   4.441      148
   4.442      147
   4.443      147
   4.444      147
   4.445      146
   4.446      146
   4.447      146
   4.448      145
   4.449      145
   4.45      145
   4.451      144
   4.452      144
   4.453      144
   4.454      143
   4.455      143
   4.456      143
   4.457      142
   4.458      142
   4.459      142
   4.46      141
   4.461      141
   4.462      141
   4.463      140
   4.464      140
   4.465      140
   4.466      139
   4.467      139
   4.468      139
   4.469      138
   4.47      138
   4.471      138
   4.472      137
   4.473      137
   4.474      136
   4.475      136
   4.476      136
   4.477      135
   4.478      135
   4.479      135
   4.48      134
   4.481      134
   4.482      134
   4.483      133
   4.484      133
   4.485      133
   4.486      132
   4.487      132
   4.488      132
   4.489      131
   4.49      131
   4.491      131
   4.492      130
   4.493      130
   4.494      130
   4.495      129
   4.496      129
   4.497      128
   4.498      128
   4.499      128
   4.5      127
   4.501      127
   4.502      127
   4.503      126
   4.504      126
   4.505      126
   4.506      125
   4.507      125
   4.508      125
   4.509      124
   4.51      124
   4.511      124
   4.512      123
   4.513      123
   4.514      123
   4.515      122
   4.516      122
   4.517      121
   4.518      121
   4.519      121
   4.52      120
   4.521      120
   4.522      120
   4.523      119
   4.524      119
   4.525      119
   4.526      118
   4.527      118
   4.528      118
   4.529      117
   4.53      117
   4.531      117
   4.532      116
   4.533      116
   4.534      116
   4.535      115
   4.536      115
   4.537      114
   4.538      114
   4.539      114
   4.54      113
   4.541      113
   4.542      113
   4.543      112
   4.544      112
   4.545      112
   4.546      111
   4.547      111
   4.548      111
   4.549      110
   4.55      110
   4.551      110
   4.552      109
   4.553      109
   4.554      109
   4.555      108
   4.556      108
   4.557      108
   4.558      107
   4.559      107
   4.56      107
   4.561      106
   4.562      106
   4.563      106
   4.564      105
   4.565      105
   4.566      105
   4.567      104
   4.568      104
   4.569      104
   4.57      103
   4.571      103
   4.572      103
   4.573      102
   4.574      102
   4.575      102
   4.576      101
   4.577      101
   4.578      101
   4.579      100
   4.58      100
   4.581      100
   4.582      99
   4.583      99
   4.584      99
   4.585      98
   4.586      98
   4.587      98
   4.588      97
   4.589      97
   4.59      97
   4.591      96
   4.592      96
   4.593      96
   4.594      96
   4.595      95
   4.596      95
   4.597      95
   4.598      94
   4.599      94
   4.6      94
   4.601      93
   4.602      93
   4.603      93
   4.604      92
   4.605      92
   4.606      92
   4.607      92
   4.608      91
   4.609      91
   4.61      91
   4.611      90
   4.612      90
   4.613      90
   4.614      90
   4.615      89
   4.616      89
   4.617      89
   4.618      88
   4.619      88
   4.62      88
   4.621      88
   4.622      87
   4.623      87
   4.624      87
   4.625      86
   4.626      86
   4.627      86
   4.628      86
   4.629      85
   4.63      85
   4.631      85
   4.632      84
   4.633      84
   4.634      84
   4.635      84
   4.636      83
   4.637      83
   4.638      83
   4.639      83
   4.64      82
   4.641      82
   4.642      82
   4.643      82
   4.644      81
   4.645      81
   4.646      81
   4.647      81
   4.648      80
   4.649      80
   4.65      80
   4.651      80
   4.652      79
   4.653      79
   4.654      79
   4.655      79
   4.656      78
   4.657      78
   4.658      78
   4.659      78
   4.66      78
   4.661      77
   4.662      77
   4.663      77
   4.664      77
   4.665      76
   4.666      76
   4.667      76
   4.668      76
   4.669      76
   4.67      75
   4.671      75
   4.672      75
   4.673      75
   4.674      74
   4.675      74
   4.676      74
   4.677      74
   4.678      74
   4.679      73
   4.68      73
   4.681      73
   4.682      73
   4.683      73
   4.684      73
   4.685      72
   4.686      72
   4.687      72
   4.688      72
   4.689      72
   4.69      71
   4.691      71
   4.692      71
   4.693      71
   4.694      71
   4.695      71
   4.696      70
   4.697      70
   4.698      70
   4.699      70
   4.7      70
   4.701      70
   4.702      69
   4.703      69
   4.704      69
   4.705      69
   4.706      69
   4.707      69
   4.708      69
   4.709      68
   4.71      68
   4.711      68
   4.712      68
   4.713      68
   4.714      68
   4.715      68
   4.716      67
   4.717      67
   4.718      67
   4.719      67
   4.72      67
   4.721      67
   4.722      67
   4.723      67
   4.724      67
   4.725      66
   4.726      66
   4.727      66
   4.728      66
   4.729      66
   4.73      66
   4.731      66
   4.732      66
   4.733      66
   4.734      66
   4.735      65
   4.736      65
   4.737      65
   4.738      65
   4.739      65
   4.74      65
   4.741      65
   4.742      65
   4.743      65
   4.744      65
   4.745      65
   4.746      65
   4.747      65
   4.748      64
   4.749      64
   4.75      64
   4.751      64
   4.752      64
   4.753      64
   4.754      64
   4.755      64
   4.756      64
   4.757      64
   4.758      64
   4.759      64
   4.76      64
   4.761      64
   4.762      64
   4.763      64
   4.764      64
   4.765      64
   4.766      64
   4.767      64
   4.768      64
   4.769      64
   4.77      64
   4.771      64
   4.772      64
   4.773      64
   4.774      64
   4.775      64
   4.776      64
   4.777      64
   4.778      64
   4.779      64
   4.78      64
   4.781      64
   4.782      64
   4.783      64
   4.784      64
   4.785      64
   4.786      64
   4.787      64
   4.788      64
   4.789      64
   4.79      64
   4.791      64
   4.792      64
   4.793      64
   4.794      64
   4.795      64
   4.796      64
   4.797      64
   4.798      64
   4.799      64
   4.8      64
   4.801      64
   4.802      65
   4.803      65
   4.804      65
   4.805      65
   4.806      65
   4.807      65
   4.808      65
   4.809      65
   4.81      65
   4.811      65
   4.812      65
   4.813      65
   4.814      65
   4.815      65
   4.816      66
   4.817      66
   4.818      66
   4.819      66
   4.82      66
   4.821      66
   4.822      66
   4.823      66
   4.824      66
   4.825      67
   4.826      67
   4.827      67
   4.828      67
   4.829      67
   4.83      67
   4.831      67
   4.832      67
   4.833      67
   4.834      68
   4.835      68
   4.836      68
   4.837      68
   4.838      68
   4.839      68
   4.84      68
   4.841      69
   4.842      69
   4.843      69
   4.844      69
   4.845      69
   4.846      69
   4.847      70
   4.848      70
   4.849      70
   4.85      70
   4.851      70
   4.852      70
   4.853      71
   4.854      71
   4.855      71
   4.856      71
   4.857      71
   4.858      71
   4.859      72
   4.86      72
   4.861      72
   4.862      72
   4.863      72
   4.864      73
   4.865      73
   4.866      73
   4.867      73
   4.868      73
   4.869      74
   4.87      74
   4.871      74
   4.872      74
   4.873      74
   4.874      75
   4.875      75
   4.876      75
   4.877      75
   4.878      76
   4.879      76
   4.88      76
   4.881      76
   4.882      76
   4.883      77
   4.884      77
   4.885      77
   4.886      77
   4.887      78
   4.888      78
   4.889      78
   4.89      78
   4.891      79
   4.892      79
   4.893      79
   4.894      79
   4.895      80
   4.896      80
   4.897      80
   4.898      80
   4.899      81
   4.9      81
   4.901      81
   4.902      81
   4.903      82
   4.904      82
   4.905      82
   4.906      83
   4.907      83
   4.908      83
   4.909      83
   4.91      84
   4.911      84
   4.912      84
   4.913      85
   4.914      85
   4.915      85
   4.916      85
   4.917      86
   4.918      86
   4.919      86
   4.92      87
   4.921      87
   4.922      87
   4.923      88
   4.924      88
   4.925      88
   4.926      88
   4.927      89
   4.928      89
   4.929      89
   4.93      90
   4.931      90
   4.932      90
   4.933      91
   4.934      91
   4.935      91
   4.936      92
   4.937      92
   4.938      92
   4.939      93
   4.94      93
   4.941      93
   4.942      94
   4.943      94
   4.944      94
   4.945      95
   4.946      95
   4.947      95
   4.948      96
   4.949      96
   4.95      96
   4.951      97
   4.952      97
   4.953      97
   4.954      98
   4.955      98
   4.956      98
   4.957      99
   4.958      99
   4.959      100
   4.96      100
   4.961      100
   4.962      101
   4.963      101
   4.964      101
   4.965      102
   4.966      102
   4.967      102
   4.968      103
   4.969      103
   4.97      104
   4.971      104
   4.972      104
   4.973      105
   4.974      105
   4.975      105
   4.976      106
   4.977      106
   4.978      107
   4.979      107
   4.98      107
   4.981      108
   4.982      108
   4.983      108
   4.984      109
   4.985      109
   4.986      110
   4.987      110
   4.988      110
   4.989      111
   4.99      111
   4.991      111
   4.992      112
   4.993      112
   4.994      113
   4.995      113
   4.996      113
   4.997      114
   4.998      114
   4.999      115
   5      115
# The largest delta was: 1
