Simulation File is open
# Time      Read Pos      Calc Pos
0           116      114
0.001       116      114
0.002       116      114
0.003       116      114
0.004       115      114
0.005       113      114
0.006       114      114
0.007       116      114
0.008       116      114
0.009       116      114
0.01        116      114
0.011       117      114
0.012       116      114
0.013       115      114
0.014       114      114
0.015       115      114
0.016       115      114
0.017       115      114
0.018       114      114
0.019       114      114
0.02        114      114
0.021       113      114
0.022       114      114
0.023       114      114
0.024       114      114
0.025       114      114
0.026       115      114
0.027       115      114
0.028       115      114
0.029       115      114
0.03        114      114
0.031       114      114
0.032       115      114
0.033       116      114
0.034       116      114
0.035       114      114
0.036       112      114
0.037       113      114
0.038       114      114
0.039       114      114
0.04        114      114
0.041       113      114
0.042       114      114
0.043       115      114
0.044       115      114
0.045       115      114
0.046       115      114
0.047       115      114
0.048       115      114
0.049       115      114
0.05        115      114
0.051       114      114
0.052       115      114
0.053       115      114
0.054       115      114
0.055       115      114
0.056       116      114
0.057       115      114
0.058       115      114
0.059       117      114
0.06        118      114
0.061       116      114
0.062       115      114
0.063       115      114
0.064       117      114
0.065       117      114
0.066       116      114
0.067       116      114
0.068       116      114
0.069       115      114
0.07        116      114
0.071       116      114
0.072       115      114
0.073       114      114
0.074       114      114
0.075       115      114
0.076       115      114
0.077       115      114
0.078       115      114
0.079       115      114
0.08        115      114
0.081       113      114
0.082       113      114
0.083       115      114
0.084       117      114
0.085       116      114
0.086       114      114
0.087       115      114
0.088       115      114
0.089       115      114
0.09        115      114
0.091       115      114
0.092       115      114
0.093       116      114
0.094       116      114
0.095       115      114
0.096       114      114
0.097       115      114
0.098       115      114
0.099       115      114
0.1         115      114
0.101       116      114
0.102       115      114
0.103       113      114
0.104       114      114
0.105       115      114
0.106       116      114
0.107       115      114
0.108       115      114
0.109       115      114
0.11        115      114
0.111       115      114
0.112       115      114
0.113       115      114
0.114       114      114
0.115       115      114
0.116       115      114
0.117       115      114
0.118       115      114
0.119       115      114
0.12        114      114
0.121       115      114
0.122       116      114
0.123       115      114
0.124       115      114
0.125       115      114
0.126       115      114
0.127       116      114
0.128       116      114
0.129       116      114
0.13        115      114
0.131       115      114
0.132       115      114
0.133       115      114
0.134       116      114
0.135       117      114
0.136       116      114
0.137       115      114
0.138       116      114
0.139       115      114
0.14        115      114
0.141       115      114
0.142       114      114
0.143       114      114
0.144       114      114
0.145       115      114
0.146       115      114
0.147       115      114
0.148       115      114
0.149       115      114
0.15        116      114
0.151       115      114
0.152       115      114
0.153       116      114
0.154       115      114
0.155       113      114
0.156       113      114
0.157       114      114
0.158       115      114
0.159       115      114
0.16        115      114
0.161       114      114
0.162       114      114
0.163       114      114
0.164       113      114
0.165       114      114
0.166       115      114
0.167       116      114
0.168       115      114
0.169       115      114
0.17        115      114
0.171       116      114
0.172       115      114
0.173       114      114
0.174       115      114
0.175       116      114
0.176       115      114
0.177       114      114
0.178       114      114
0.179       115      114
0.18        117      114
0.181       115      114
0.182       114      114
0.183       114      114
0.184       115      114
0.185       116      114
0.186       116      114
0.187       117      114
0.188       116      114
0.189       116      114
0.19        116      114
0.191       115      114
0.192       115      114
0.193       116      114
0.194       115      114
0.195       114      114
0.196       115      114
0.197       116      114
0.198       115      114
0.199       115      114
0.2         114      114
0.201       113      114
0.202       114      114
0.203       114      114
0.204       114      114
0.205       115      114
0.206       117      114
0.207       116      114
0.208       115      114
0.209       115      114
0.21        115      114
0.211       116      114
0.212       117      114
0.213       118      114
0.214       117      114
0.215       115      114
0.216       115      114
0.217       115      114
0.218       115      114
0.219       115      114
0.22        116      114
0.221       116      114
0.222       116      114
0.223       114      114
0.224       114      114
0.225       114      114
0.226       114      114
0.227       115      114
0.228       115      114
0.229       115      114
0.23        115      114
0.231       115      114
0.232       115      114
0.233       115      114
0.234       115      114
0.235       115      114
0.236       114      114
0.237       113      114
0.238       114      114
0.239       115      114
0.24        114      114
0.241       115      114
0.242       115      114
0.243       115      114
0.244       115      114
0.245       115      114
0.246       115      114
0.247       115      114
0.248       115      114
0.249       116      114
0.25        116      114
0.251       116      114
0.252       116      114
0.253       116      114
0.254       115      114
0.255       115      114
0.256       114      114
0.257       115      114
0.258       115      114
0.259       115      114
0.26        114      114
0.261       115      114
0.262       116      114
0.263       116      114
0.264       115      114
0.265       115      114
0.266       116      114
0.267       116      114
0.268       116      114
0.269       115      114
0.27        114      114
0.271       114      114
0.272       114      114
0.273       114      114
0.274       114      114
0.275       114      114
0.276       115      114
0.277       115      114
0.278       116      114
0.279       116      114
0.28        116      114
0.281       116      114
0.282       116      114
0.283       115      114
0.284       113      114
0.285       114      114
0.286       116      114
0.287       116      114
0.288       116      114
0.289       116      114
0.29        116      114
0.291       116      114
0.292       117      114
0.293       116      114
0.294       115      114
0.295       115      114
0.296       116      114
0.297       117      114
0.298       116      114
0.299       115      114
0.3         115      114
0.301       115      114
0.302       115      114
0.303       115      114
0.304       115      114
0.305       114      114
0.306       115      114
0.307       116      114
0.308       116      114
0.309       117      114
0.31        116      114
0.311       116      114
0.312       116      114
0.313       115      114
0.314       115      114
0.315       116      114
0.316       117      114
0.317       117      114
0.318       116      114
0.319       115      114
0.32        116      114
0.321       115      114
0.322       115      114
0.323       115      114
0.324       114      114
0.325       115      114
0.326       115      114
0.327       115      114
0.328       116      114
0.329       116      114
0.33        116      114
0.331       115      114
0.332       115      114
0.333       116      114
0.334       115      114
0.335       115      114
0.336       116      114
0.337       117      114
0.338       117      114
0.339       116      114
0.34        115      114
0.341       114      114
0.342       114      114
0.343       116      114
0.344       116      114
0.345       115      114
0.346       115      114
0.347       114      114
0.348       116      114
0.349       116      114
0.35        116      114
0.351       116      114
0.352       115      114
0.353       114      114
0.354       114      114
0.355       115      114
0.356       115      114
0.357       114      114
0.358       114      114
0.359       115      114
0.36        116      114
0.361       116      114
0.362       116      114
0.363       115      114
0.364       115      114
0.365       115      114
0.366       114      114
0.367       114      114
0.368       113      114
0.369       113      114
0.37        114      114
0.371       116      114
0.372       117      114
0.373       116      114
0.374       114      114
0.375       116      114
0.376       116      114
0.377       115      114
0.378       115      114
0.379       115      114
0.38        115      114
0.381       116      114
0.382       116      114
0.383       115      114
0.384       115      114
0.385       114      114
0.386       113      114
0.387       114      114
0.388       116      114
0.389       117      114
0.39        117      114
0.391       116      114
0.392       115      114
0.393       115      114
0.394       115      114
0.395       115      114
0.396       116      114
0.397       115      114
0.398       115      114
0.399       115      114
0.4         116      114
0.401       116      114
0.402       115      114
0.403       115      114
0.404       114      114
0.405       115      114
0.406       116      114
0.407       117      114
0.408       116      114
0.409       114      114
0.41        114      114
0.411       115      114
0.412       116      114
0.413       115      114
0.414       115      114
0.415       115      114
0.416       114      114
0.417       115      114
0.418       115      114
0.419       114      114
0.42        115      114
0.421       115      114
0.422       114      114
0.423       114      114
0.424       115      114
0.425       116      114
0.426       115      114
0.427       115      114
0.428       115      114
0.429       115      114
0.43        115      114
0.431       114      114
0.432       114      114
0.433       115      114
0.434       115      114
0.435       116      114
0.436       116      114
0.437       115      114
0.438       114      114
0.439       113      114
0.44        114      114
0.441       114      114
0.442       113      114
0.443       114      114
0.444       115      114
0.445       116      114
0.446       116      114
0.447       117      114
0.448       116      114
0.449       115      114
0.45        114      114
0.451       115      114
0.452       116      114
0.453       116      114
0.454       116      114
0.455       115      114
0.456       114      114
0.457       114      114
0.458       114      114
0.459       115      114
0.46        116      114
0.461       117      114
0.462       116      114
0.463       115      114
0.464       115      114
0.465       116      114
0.466       116      114
0.467       115      114
0.468       115      114
0.469       116      114
0.47        116      114
0.471       115      114
0.472       114      114
0.473       113      114
0.474       113      114
0.475       114      114
0.476       115      114
0.477       116      114
0.478       116      114
0.479       115      114
0.48        115      114
0.481       115      114
0.482       116      114
0.483       116      114
0.484       116      114
0.485       115      114
0.486       115      114
0.487       115      114
0.488       115      114
0.489       116      114
0.49        116      114
0.491       114      114
0.492       114      114
0.493       114      114
0.494       114      114
0.495       114      114
0.496       115      114
0.497       115      114
0.498       115      114
0.499       115      114
0.5         114      114
0.501       114      114
0.502       116      114
0.503       116      114
0.504       116      114
0.505       115      114
0.506       115      114
0.507       115      114
0.508       115      114
0.509       115      114
0.51        115      114
0.511       114      114
0.512       116      114
0.513       117      114
0.514       117      114
0.515       117      114
0.516       116      114
0.517       115      114
0.518       114      114
0.519       115      114
0.52        116      114
0.521       116      114
0.522       115      114
0.523       115      114
0.524       115      114
0.525       115      114
0.526       116      114
0.527       116      114
0.528       115      114
0.529       114      114
0.53        114      114
0.531       114      114
0.532       115      114
0.533       115      114
0.534       115      114
0.535       114      114
0.536       115      114
0.537       116      114
0.538       117      114
0.539       117      114
0.54        117      114
0.541       117      114
0.542       117      114
0.543       116      114
0.544       115      114
0.545       116      114
0.546       116      114
0.547       116      114
0.548       115      114
0.549       114      114
0.55        114      114
0.551       116      114
0.552       116      114
0.553       115      114
0.554       116      114
0.555       116      114
0.556       114      114
0.557       115      114
0.558       117      114
0.559       116      114
0.56        114      114
0.561       113      114
0.562       113      114
0.563       113      114
0.564       114      114
0.565       115      114
0.566       115      114
0.567       116      114
0.568       116      114
0.569       116      114
0.57        116      114
0.571       115      114
0.572       115      114
0.573       114      114
0.574       114      114
0.575       115      114
0.576       116      114
0.577       114      114
0.578       113      114
0.579       114      114
0.58        114      114
0.581       114      114
0.582       115      114
0.583       115      114
0.584       115      114
0.585       117      114
0.586       117      114
0.587       116      114
0.588       115      114
0.589       115      114
0.59        115      114
0.591       115      114
0.592       115      114
0.593       115      114
0.594       114      114
0.595       114      114
0.596       114      114
0.597       114      114
0.598       113      114
0.599       114      114
0.6         115      114
0.601       115      114
0.602       114      114
0.603       114      114
0.604       114      114
0.605       114      114
0.606       115      114
0.607       115      114
0.608       116      114
0.609       115      114
0.61        115      114
0.611       114      114
0.612       115      114
0.613       116      114
0.614       115      114
0.615       115      114
0.616       115      114
0.617       115      114
0.618       115      114
0.619       114      114
0.62        114      114
0.621       116      114
0.622       117      114
0.623       116      114
0.624       114      114
0.625       114      114
0.626       114      114
0.627       114      114
0.628       115      114
0.629       115      114
0.63        114      114
0.631       114      114
0.632       115      114
0.633       115      114
0.634       115      114
0.635       116      114
0.636       115      114
0.637       115      114
0.638       115      114
0.639       114      114
0.64        114      114
0.641       114      114
0.642       112      114
0.643       113      114
0.644       115      114
0.645       115      114
0.646       115      114
0.647       116      114
0.648       116      114
0.649       115      114
0.65        114      114
0.651       115      114
0.652       115      114
0.653       115      114
0.654       115      114
0.655       114      114
0.656       114      114
0.657       114      114
0.658       114      114
0.659       115      114
0.66        114      114
0.661       115      114
0.662       117      114
0.663       117      114
0.664       116      114
0.665       116      114
0.666       116      114
0.667       116      114
0.668       115      114
0.669       115      114
0.67        115      114
0.671       115      114
0.672       116      114
0.673       115      114
0.674       116      114
0.675       116      114
0.676       113      114
0.677       114      114
0.678       116      114
0.679       115      114
0.68        115      114
0.681       115      114
0.682       115      114
0.683       116      114
0.684       116      114
0.685       114      114
0.686       114      114
0.687       115      114
0.688       115      114
0.689       115      114
0.69        115      114
0.691       115      114
0.692       114      114
0.693       113      114
0.694       115      114
0.695       115      114
0.696       114      114
0.697       115      114
0.698       115      114
0.699       115      114
0.7         115      114
0.701       116      114
0.702       116      114
0.703       116      114
0.704       115      114
0.705       115      114
0.706       116      114
0.707       117      114
0.708       116      114
0.709       115      114
0.71        116      114
0.711       116      114
0.712       116      114
0.713       116      114
0.714       115      114
0.715       114      114
0.716       115      114
0.717       116      114
0.718       115      114
0.719       115      114
0.72        116      114
0.721       115      114
0.722       114      114
0.723       113      114
0.724       114      114
0.725       115      114
0.726       115      114
0.727       116      114
0.728       117      114
0.729       116      114
0.73        115      114
0.731       114      114
0.732       113      114
0.733       114      114
0.734       115      114
0.735       114      114
0.736       115      114
0.737       116      114
0.738       117      114
0.739       116      114
0.74        115      114
0.741       115      114
0.742       115      114
0.743       115      114
0.744       116      114
0.745       116      114
0.746       116      114
0.747       115      114
0.748       114      114
0.749       114      114
0.75        115      114
0.751       115      114
0.752       115      114
0.753       115      114
0.754       115      114
0.755       115      114
0.756       115      114
0.757       116      114
0.758       116      114
0.759       116      114
0.76        116      114
0.761       115      114
0.762       114      114
0.763       115      114
0.764       114      114
0.765       114      114
0.766       114      114
0.767       115      114
0.768       116      114
0.769       116      114
0.77        115      114
0.771       116      114
0.772       116      114
0.773       115      114
0.774       115      114
0.775       115      114
0.776       117      114
0.777       116      114
0.778       116      114
0.779       116      114
0.78        116      114
0.781       114      114
0.782       115      114
0.783       115      114
0.784       114      114
0.785       113      114
0.786       114      114
0.787       115      114
0.788       116      114
0.789       117      114
0.79        116      114
0.791       114      114
0.792       113      114
0.793       113      114
0.794       112      114
0.795       113      114
0.796       113      114
0.797       113      114
0.798       114      114
0.799       114      114
0.8         114      114
0.801       115      114
0.802       114      114
0.803       114      114
0.804       114      114
0.805       115      114
0.806       115      114
0.807       116      114
0.808       116      114
0.809       115      114
0.81        114      114
0.811       114      114
0.812       114      114
0.813       115      114
0.814       117      114
0.815       117      114
0.816       116      114
0.817       114      114
0.818       115      114
0.819       115      114
0.82        115      114
0.821       116      114
0.822       116      114
0.823       116      114
0.824       116      114
0.825       116      114
0.826       114      114
0.827       114      114
0.828       115      114
0.829       115      114
0.83        115      114
0.831       116      114
0.832       115      114
0.833       114      114
0.834       115      114
0.835       116      114
0.836       115      114
0.837       114      114
0.838       115      114
0.839       115      114
0.84        114      114
0.841       115      114
0.842       116      114
0.843       115      114
0.844       113      114
0.845       115      114
0.846       116      114
0.847       116      114
0.848       115      114
0.849       115      114
0.85        115      114
0.851       115      114
0.852       115      114
0.853       115      114
0.854       116      114
0.855       115      114
0.856       114      114
0.857       114      114
0.858       115      114
0.859       116      114
0.86        116      114
0.861       115      114
0.862       114      114
0.863       114      114
0.864       115      114
0.865       116      114
0.866       115      114
0.867       113      114
0.868       114      114
0.869       114      114
0.87        115      114
0.871       114      114
0.872       114      114
0.873       116      114
0.874       117      114
0.875       116      114
0.876       114      114
0.877       114      114
0.878       115      114
0.879       115      114
0.88        114      114
0.881       115      114
0.882       116      114
0.883       116      114
0.884       115      114
0.885       114      114
0.886       114      114
0.887       115      114
0.888       114      114
0.889       114      114
0.89        115      114
0.891       116      114
0.892       116      114
0.893       115      114
0.894       114      114
0.895       114      114
0.896       115      114
0.897       115      114
0.898       115      114
0.899       115      114
0.9         114      114
0.901       113      114
0.902       115      114
0.903       116      114
0.904       116      114
0.905       114      114
0.906       114      114
0.907       114      114
0.908       114      114
0.909       114      114
0.91        114      114
0.911       115      114
0.912       115      114
0.913       115      114
0.914       115      114
0.915       115      114
0.916       114      114
0.917       115      114
0.918       115      114
0.919       115      114
0.92        116      114
0.921       115      114
0.922       115      114
0.923       115      114
0.924       115      114
0.925       116      114
0.926       117      114
0.927       116      114
0.928       116      114
0.929       116      114
0.93        115      114
0.931       115      114
0.932       115      114
0.933       115      114
0.934       115      114
0.935       115      114
0.936       115      114
0.937       116      114
0.938       116      114
0.939       116      114
0.94        116      114
0.941       115      114
0.942       115      114
0.943       116      114
0.944       116      114
0.945       115      114
0.946       115      114
0.947       115      114
0.948       114      114
0.949       115      114
0.95        115      114
0.951       115      114
0.952       115      114
0.953       114      114
0.954       114      114
0.955       116      114
0.956       116      114
0.957       115      114
0.958       114      114
0.959       114      114
0.96        114      114
0.961       115      114
0.962       115      114
0.963       115      114
0.964       114      114
0.965       114      114
0.966       114      114
0.967       114      114
0.968       115      114
0.969       115      114
0.97        115      114
0.971       116      114
0.972       117      114
0.973       118      114
0.974       116      114
0.975       115      114
0.976       114      114
0.977       115      114
0.978       116      114
0.979       115      114
0.98        113      114
0.981       114      114
0.982       115      114
0.983       115      114
0.984       115      114
0.985       115      114
0.986       114      114
0.987       114      114
0.988       115      114
0.989       115      114
0.99        116      114
0.991       115      114
0.992       114      114
0.993       115      114
0.994       115      114
0.995       115      114
0.996       116      114
0.997       116      114
0.998       116      114
0.999       116      114
1           115      114
1.001       116      114
1.002       116      114
1.003       115      114
1.004       114      114
1.005       115      114
1.006       116      114
1.007       116      114
1.008       115      114
1.009       114      114
1.01        113      114
1.011       114      114
1.012       115      114
1.013       116      114
1.014       116      114
1.015       116      114
1.016       115      114
1.017       114      114
1.018       114      114
1.019       114      114
1.02        113      114
1.021       114      114
1.022       116      114
1.023       115      114
1.024       115      114
1.025       115      114
1.026       115      114
1.027       114      114
1.028       115      114
1.029       115      114
1.03        115      114
1.031       115      114
1.032       117      114
1.033       117      114
1.034       115      114
1.035       114      114
1.036       114      114
1.037       114      114
1.038       114      114
1.039       114      114
1.04        114      114
1.041       114      114
1.042       115      114
1.043       116      114
1.044       117      114
1.045       117      114
1.046       116      114
1.047       115      114
1.048       115      114
1.049       114      114
1.05        114      114
1.051       115      114
1.052       115      114
1.053       115      114
1.054       115      114
1.055       116      114
1.056       117      114
1.057       115      114
1.058       114      114
1.059       114      114
1.06        115      114
1.061       115      114
1.062       115      114
1.063       115      114
1.064       115      114
1.065       116      114
1.066       115      114
1.067       114      114
1.068       114      114
1.069       115      114
1.07        116      114
1.071       115      114
1.072       115      114
1.073       115      114
1.074       116      114
1.075       116      114
1.076       116      114
1.077       116      114
1.078       115      114
1.079       116      114
1.08        117      114
1.081       116      114
1.082       116      114
1.083       115      114
1.084       115      114
1.085       115      114
1.086       115      114
1.087       115      114
1.088       115      114
1.089       115      114
1.09        114      114
1.091       112      114
1.092       114      114
1.093       116      114
1.094       117      114
1.095       116      114
1.096       115      114
1.097       115      114
1.098       116      114
1.099       115      114
1.1         115      114
1.101       115      114
1.102       115      115
1.103       115      115
1.104       116      115
1.105       116      115
1.106       115      115
1.107       115      115
1.108       116      115
1.109       115      115
1.11        115      115
1.111       115      115
1.112       115      115
1.113       115      115
1.114       117      115
1.115       117      115
1.116       116      115
1.117       115      115
1.118       115      115
1.119       116      115
1.12        115      115
1.121       115      115
1.122       116      115
1.123       115      115
1.124       116      115
1.125       116      115
1.126       116      115
1.127       117      115
1.128       117      115
1.129       116      115
1.13        116      115
1.131       116      115
1.132       116      115
1.133       116      115
1.134       116      115
1.135       117      115
1.136       118      115
1.137       118      115
1.138       117      115
1.139       117      115
1.14        116      115
1.141       115      115
1.142       114      115
1.143       114      115
1.144       115      115
1.145       116      115
1.146       117      115
1.147       117      115
1.148       115      115
1.149       115      115
1.15        116      115
1.151       116      115
1.152       116      115
1.153       116      115
1.154       116      115
1.155       116      115
1.156       116      115
1.157       116      115
1.158       115      115
1.159       116      115
1.16        117      115
1.161       117      115
1.162       117      115
1.163       118      115
1.164       119      115
1.165       118      115
1.166       115      115
1.167       115      115
1.168       116      115
1.169       116      115
1.17        115      115
1.171       115      115
1.172       116      115
1.173       118      115
1.174       118      115
1.175       117      115
1.176       117      116
1.177       116      116
1.178       115      116
1.179       115      116
1.18        115      116
1.181       117      116
1.182       118      116
1.183       116      116
1.184       117      116
1.185       119      116
1.186       118      116
1.187       116      116
1.188       116      116
1.189       115      116
1.19        116      116
1.191       116      116
1.192       116      116
1.193       116      116
1.194       117      116
1.195       116      116
1.196       116      116
1.197       117      116
1.198       118      116
1.199       117      116
1.2         117      116
1.201       118      116
1.202       118      116
1.203       117      116
1.204       117      116
1.205       117      116
1.206       117      116
1.207       118      116
1.208       118      116
1.209       118      116
1.21        117      116
1.211       116      116
1.212       117      116
1.213       117      116
1.214       117      116
1.215       118      116
1.216       118      116
1.217       117      116
1.218       118      116
1.219       117      116
1.22        116      116
1.221       117      116
1.222       118      116
1.223       117      116
1.224       117      116
1.225       117      116
1.226       118      117
1.227       118      117
1.228       118      117
1.229       117      117
1.23        117      117
1.231       117      117
1.232       118      117
1.233       118      117
1.234       118      117
1.235       117      117
1.236       118      117
1.237       119      117
1.238       118      117
1.239       117      117
1.24        117      117
1.241       118      117
1.242       118      117
1.243       117      117
1.244       118      117
1.245       119      117
1.246       117      117
1.247       117      117
1.248       119      117
1.249       119      117
1.25        118      117
1.251       119      117
1.252       119      117
1.253       117      117
1.254       116      117
1.255       117      117
1.256       117      117
1.257       117      117
1.258       117      117
1.259       119      117
1.26        121      117
1.261       120      117
1.262       119      117
1.263       119      117
1.264       118      117
1.265       118      117
1.266       118      117
1.267       119      118
1.268       119      118
1.269       120      118
1.27        120      118
1.271       119      118
1.272       118      118
1.273       118      118
1.274       118      118
1.275       119      118
1.276       119      118
1.277       119      118
1.278       119      118
1.279       119      118
1.28        120      118
1.281       120      118
1.282       119      118
1.283       118      118
1.284       118      118
1.285       119      118
1.286       119      118
1.287       119      118
1.288       120      118
1.289       120      118
1.29        119      118
1.291       119      118
1.292       120      118
1.293       119      118
1.294       118      118
1.295       119      118
1.296       119      118
1.297       119      118
1.298       119      118
1.299       119      118
1.3         120      118
1.301       120      118
1.302       119      118
1.303       120      119
1.304       119      119
1.305       118      119
1.306       118      119
1.307       120      119
1.308       120      119
1.309       119      119
1.31        119      119
1.311       118      119
1.312       119      119
1.313       120      119
1.314       121      119
1.315       121      119
1.316       120      119
1.317       120      119
1.318       119      119
1.319       119      119
1.32        119      119
1.321       120      119
1.322       120      119
1.323       120      119
1.324       121      119
1.325       121      119
1.326       120      119
1.327       120      119
1.328       120      119
1.329       120      119
1.33        120      119
1.331       121      119
1.332       122      119
1.333       122      119
1.334       121      120
1.335       121      120
1.336       121      120
1.337       121      120
1.338       120      120
1.339       120      120
1.34        122      120
1.341       122      120
1.342       120      120
1.343       120      120
1.344       119      120
1.345       119      120
1.346       121      120
1.347       121      120
1.348       121      120
1.349       120      120
1.35        120      120
1.351       121      120
1.352       121      120
1.353       120      120
1.354       120      120
1.355       121      120
1.356       121      120
1.357       121      120
1.358       121      120
1.359       121      120
1.36        122      120
1.361       122      120
1.362       122      120
1.363       122      121
1.364       122      121
1.365       122      121
1.366       121      121
1.367       121      121
1.368       120      121
1.369       120      121
1.37        121      121
1.371       122      121
1.372       122      121
1.373       122      121
1.374       122      121
1.375       122      121
1.376       122      121
1.377       122      121
1.378       123      121
1.379       122      121
1.38        122      121
1.381       123      121
1.382       122      121
1.383       121      121
1.384       121      121
1.385       121      121
1.386       122      121
1.387       123      121
1.388       123      121
1.389       122      121
1.39        123      122
1.391       123      122
1.392       123      122
1.393       122      122
1.394       121      122
1.395       121      122
1.396       122      122
1.397       122      122
1.398       123      122
1.399       123      122
1.4         122      122
1.401       122      122
1.402       123      122
1.403       125      122
1.404       124      122
1.405       123      122
1.406       123      122
1.407       124      122
1.408       124      122
1.409       124      122
1.41        124      122
1.411       124      122
1.412       124      122
1.413       123      122
1.414       123      122
1.415       123      123
1.416       125      123
1.417       125      123
1.418       124      123
1.419       124      123
1.42        125      123
1.421       124      123
1.422       123      123
1.423       124      123
1.424       125      123
1.425       124      123
1.426       123      123
1.427       124      123
1.428       124      123
1.429       123      123
1.43        123      123
1.431       123      123
1.432       123      123
1.433       125      123
1.434       125      123
1.435       125      123
1.436       126      123
1.437       126      123
1.438       125      124
1.439       124      124
1.44        124      124
1.441       125      124
1.442       125      124
1.443       125      124
1.444       125      124
1.445       125      124
1.446       125      124
1.447       124      124
1.448       124      124
1.449       124      124
1.45        124      124
1.451       125      124
1.452       125      124
1.453       125      124
1.454       126      124
1.455       126      124
1.456       126      124
1.457       125      124
1.458       125      124
1.459       125      124
1.46        125      125
1.461       125      125
1.462       125      125
1.463       125      125
1.464       125      125
1.465       126      125
1.466       127      125
1.467       125      125
1.468       124      125
1.469       125      125
1.47        126      125
1.471       127      125
1.472       126      125
1.473       126      125
1.474       127      125
1.475       127      125
1.476       127      125
1.477       127      125
1.478       127      125
1.479       127      125
1.48        126      125
1.481       127      125
1.482       127      126
1.483       126      126
1.484       127      126
1.485       128      126
1.486       128      126
1.487       129      126
1.488       128      126
1.489       127      126
1.49        127      126
1.491       128      126
1.492       128      126
1.493       128      126
1.494       128      126
1.495       128      126
1.496       128      126
1.497       128      126
1.498       127      126
1.499       126      126
1.5         127      126
1.501       128      126
1.502       126      127
1.503       126      127
1.504       128      127
1.505       129      127
1.506       127      127
1.507       126      127
1.508       126      127
1.509       128      127
1.51        129      127
1.511       128      127
1.512       128      127
1.513       128      127
1.514       129      127
1.515       128      127
1.516       128      127
1.517       127      127
1.518       128      127
1.519       129      127
1.52        128      127
1.521       128      128
1.522       129      128
1.523       130      128
1.524       130      128
1.525       128      128
1.526       128      128
1.527       129      128
1.528       130      128
1.529       130      128
1.53        130      128
1.531       129      128
1.532       129      128
1.533       129      128
1.534       128      128
1.535       128      128
1.536       130      128
1.537       130      128
1.538       130      128
1.539       130      128
1.54        131      129
1.541       131      129
1.542       130      129
1.543       130      129
1.544       129      129
1.545       129      129
1.546       130      129
1.547       130      129
1.548       130      129
1.549       129      129
1.55        131      129
1.551       131      129
1.552       130      129
1.553       130      129
1.554       130      129
1.555       130      129
1.556       131      129
1.557       131      129
1.558       131      130
1.559       131      130
1.56        132      130
1.561       133      130
1.562       131      130
1.563       131      130
1.564       131      130
1.565       131      130
1.566       132      130
1.567       132      130
1.568       131      130
1.569       129      130
1.57        130      130
1.571       132      130
1.572       131      130
1.573       131      130
1.574       132      130
1.575       132      130
1.576       131      131
1.577       130      131
1.578       131      131
1.579       132      131
1.58        131      131
1.581       131      131
1.582       132      131
1.583       133      131
1.584       133      131
1.585       133      131
1.586       132      131
1.587       132      131
1.588       132      131
1.589       132      131
1.59        133      131
1.591       133      131
1.592       133      131
1.593       132      132
1.594       131      132
1.595       131      132
1.596       132      132
1.597       133      132
1.598       132      132
1.599       131      132
1.6         130      132
1.601       131      132
1.602       132      132
1.603       132      132
1.604       133      132
1.605       132      132
1.606       132      132
1.607       133      132
1.608       132      132
1.609       132      132
1.61        132      133
1.611       133      133
1.612       133      133
1.613       132      133
1.614       133      133
1.615       135      133
1.616       135      133
1.617       135      133
1.618       134      133
1.619       134      133
1.62        133      133
1.621       134      133
1.622       134      133
1.623       133      133
1.624       133      133
1.625       134      133
1.626       133      134
1.627       133      134
1.628       135      134
1.629       135      134
1.63        134      134
1.631       133      134
1.632       135      134
1.633       136      134
1.634       137      134
1.635       137      134
1.636       138      134
1.637       137      134
1.638       136      134
1.639       135      134
1.64        134      134
1.641       135      134
1.642       135      135
1.643       135      135
1.644       134      135
1.645       135      135
1.646       136      135
1.647       136      135
1.648       137      135
1.649       138      135
1.65        137      135
1.651       137      135
1.652       137      135
1.653       136      135
1.654       135      135
1.655       135      135
1.656       135      135
1.657       136      135
1.658       137      136
1.659       137      136
1.66        136      136
1.661       136      136
1.662       137      136
1.663       136      136
1.664       136      136
1.665       136      136
1.666       137      136
1.667       137      136
1.668       137      136
1.669       138      136
1.67        138      136
1.671       139      136
1.672       139      136
1.673       139      137
1.674       138      137
1.675       138      137
1.676       139      137
1.677       138      137
1.678       136      137
1.679       137      137
1.68        139      137
1.681       139      137
1.682       139      137
1.683       138      137
1.684       139      137
1.685       140      137
1.686       140      137
1.687       139      137
1.688       138      138
1.689       138      138
1.69        139      138
1.691       140      138
1.692       140      138
1.693       139      138
1.694       138      138
1.695       138      138
1.696       139      138
1.697       140      138
1.698       140      138
1.699       139      138
1.7         139      138
1.701       139      138
1.702       138      139
1.703       140      139
1.704       140      139
1.705       140      139
1.706       140      139
1.707       139      139
1.708       139      139
1.709       140      139
1.71        141      139
1.711       139      139
1.712       138      139
1.713       140      139
1.714       141      139
1.715       141      139
1.716       142      139
1.717       142      140
1.718       141      140
1.719       140      140
1.72        141      140
1.721       142      140
1.722       142      140
1.723       142      140
1.724       141      140
1.725       141      140
1.726       142      140
1.727       142      140
1.728       143      140
1.729       144      140
1.73        144      140
1.731       143      141
1.732       142      141
1.733       142      141
1.734       142      141
1.735       142      141
1.736       142      141
1.737       142      141
1.738       143      141
1.739       143      141
1.74        142      141
1.741       142      141
1.742       142      141
1.743       143      141
1.744       143      141
1.745       143      142
1.746       142      142
1.747       141      142
1.748       142      142
1.749       142      142
1.75        143      142
1.751       143      142
1.752       143      142
1.753       143      142
1.754       143      142
1.755       142      142
1.756       144      142
1.757       144      142
1.758       144      142
1.759       145      143
1.76        145      143
1.761       144      143
1.762       144      143
1.763       145      143
1.764       145      143
1.765       145      143
1.766       145      143
1.767       146      143
1.768       146      143
1.769       146      143
1.77        146      143
1.771       145      143
1.772       144      144
1.773       144      144
1.774       144      144
1.775       144      144
1.776       144      144
1.777       145      144
1.778       145      144
1.779       145      144
1.78        144      144
1.781       145      144
1.782       145      144
1.783       145      144
1.784       144      144
1.785       144      145
1.786       145      145
1.787       146      145
1.788       145      145
1.789       145      145
1.79        146      145
1.791       146      145
1.792       147      145
1.793       147      145
1.794       145      145
1.795       145      145
1.796       145      145
1.797       147      145
1.798       148      145
1.799       147      146
1.8         147      146
1.801       147      146
1.802       147      146
1.803       147      146
1.804       147      146
1.805       147      146
1.806       147      146
1.807       148      146
1.808       148      146
1.809       148      146
1.81        149      146
1.811       149      146
1.812       148      147
1.813       148      147
1.814       149      147
1.815       149      147
1.816       149      147
1.817       149      147
1.818       148      147
1.819       148      147
1.82        148      147
1.821       148      147
1.822       148      147
1.823       148      147
1.824       148      148
1.825       149      148
1.826       151      148
1.827       151      148
1.828       149      148
1.829       148      148
1.83        148      148
1.831       149      148
1.832       149      148
1.833       150      148
1.834       151      148
1.835       150      148
1.836       150      148
1.837       150      149
1.838       150      149
1.839       149      149
1.84        150      149
1.841       151      149
1.842       151      149
1.843       150      149
1.844       149      149
1.845       150      149
1.846       151      149
1.847       151      149
1.848       150      149
1.849       150      149
1.85        150      150
1.851       150      150
1.852       151      150
1.853       150      150
1.854       151      150
1.855       151      150
1.856       151      150
1.857       152      150
1.858       152      150
1.859       151      150
1.86        152      150
1.861       152      150
1.862       151      151
1.863       152      151
1.864       153      151
1.865       152      151
1.866       153      151
1.867       153      151
1.868       154      151
1.869       154      151
1.87        153      151
1.871       153      151
1.872       153      151
1.873       153      151
1.874       153      151
1.875       153      152
1.876       154      152
1.877       154      152
1.878       155      152
1.879       154      152
1.88        153      152
1.881       151      152
1.882       151      152
1.883       153      152
1.884       153      152
1.885       154      152
1.886       154      152
1.887       153      153
1.888       153      153
1.889       153      153
1.89        153      153
1.891       153      153
1.892       153      153
1.893       153      153
1.894       153      153
1.895       154      153
1.896       155      153
1.897       155      153
1.898       155      153
1.899       154      153
1.9         155      154
1.901       155      154
1.902       155      154
1.903       154      154
1.904       155      154
1.905       156      154
1.906       154      154
1.907       154      154
1.908       156      154
1.909       157      154
1.91        157      154
1.911       156      154
1.912       156      155
1.913       156      155
1.914       155      155
1.915       155      155
1.916       156      155
1.917       156      155
1.918       156      155
1.919       156      155
1.92        158      155
1.921       159      155
1.922       158      155
1.923       158      155
1.924       159      156
1.925       158      156
1.926       157      156
1.927       156      156
1.928       157      156
1.929       157      156
1.93        158      156
1.931       158      156
1.932       157      156
1.933       156      156
1.934       158      156
1.935       159      156
1.936       159      157
1.937       159      157
1.938       158      157
1.939       158      157
1.94        158      157
1.941       157      157
1.942       157      157
1.943       159      157
1.944       159      157
1.945       158      157
1.946       158      157
1.947       160      157
1.948       160      158
1.949       160      158
1.95        160      158
1.951       159      158
1.952       159      158
1.953       160      158
1.954       161      158
1.955       160      158
1.956       159      158
1.957       159      158
1.958       159      158
1.959       160      158
1.96        161      159
1.961       162      159
1.962       161      159
1.963       160      159
1.964       161      159
1.965       160      159
1.966       158      159
1.967       160      159
1.968       162      159
1.969       162      159
1.97        160      159
1.971       160      159
1.972       160      160
1.973       160      160
1.974       162      160
1.975       162      160
1.976       161      160
1.977       161      160
1.978       162      160
1.979       161      160
1.98        161      160
1.981       161      160
1.982       161      160
1.983       161      160
1.984       162      161
1.985       162      161
1.986       162      161
1.987       162      161
1.988       162      161
1.989       162      161
1.99        162      161
1.991       163      161
1.992       163      161
1.993       163      161
1.994       162      161
1.995       162      161
1.996       163      162
1.997       162      162
1.998       162      162
1.999       163      162
2           163      162
2.001       163      162
2.002       163      162
2.003       164      162
2.004       164      162
2.005       164      162
2.006       163      162
2.007       163      162
2.008       164      163
2.009       164      163
2.01        164      163
2.011       163      163
2.012       164      163
2.013       164      163
2.014       163      163
2.015       163      163
2.016       164      163
2.017       165      163
2.018       165      163
2.019       164      163
2.02        166      164
2.021       167      164
2.022       167      164
2.023       165      164
2.024       165      164
2.025       165      164
2.026       166      164
2.027       166      164
2.028       166      164
2.029       166      164
2.03        167      164
2.031       167      164
2.032       166      165
2.033       166      165
2.034       166      165
2.035       166      165
2.036       167      165
2.037       166      165
2.038       166      165
2.039       166      165
2.04        166      165
2.041       166      165
2.042       166      165
2.043       166      165
2.044       167      165
2.045       167      166
2.046       167      166
2.047       168      166
2.048       167      166
2.049       166      166
2.05        166      166
2.051       167      166
2.052       169      166
2.053       168      166
2.054       167      166
2.055       167      166
2.056       167      166
2.057       167      167
2.058       168      167
2.059       169      167
2.06        169      167
2.061       169      167
2.062       168      167
2.063       167      167
2.064       168      167
2.065       169      167
2.066       168      167
2.067       166      167
2.068       166      167
2.069       167      168
2.07        168      168
2.071       169      168
2.072       168      168
2.073       168      168
2.074       169      168
2.075       170      168
2.076       170      168
2.077       169      168
2.078       168      168
2.079       168      168
2.08        168      168
2.081       169      169
2.082       170      169
2.083       170      169
2.084       169      169
2.085       169      169
2.086       170      169
2.087       171      169
2.088       170      169
2.089       171      169
2.09        171      169
2.091       171      169
2.092       170      169
2.093       170      170
2.094       170      170
2.095       170      170
2.096       170      170
2.097       171      170
2.098       171      170
2.099       172      170
2.1         172      170
2.101       171      170
2.102       171      170
2.103       171      170
2.104       170      170
2.105       171      170
2.106       172      171
2.107       172      171
2.108       173      171
2.109       173      171
2.11        173      171
2.111       174      171
2.112       174      171
2.113       174      171
2.114       174      171
2.115       173      171
2.116       172      171
2.117       173      171
2.118       172      172
2.119       171      172
2.12        171      172
2.121       172      172
2.122       174      172
2.123       174      172
2.124       174      172
2.125       175      172
2.126       174      172
2.127       174      172
2.128       174      172
2.129       175      172
2.13        174      172
2.131       173      173
2.132       173      173
2.133       174      173
2.134       173      173
2.135       172      173
2.136       173      173
2.137       175      173
2.138       177      173
2.139       177      173
2.14        176      173
2.141       176      173
2.142       175      173
2.143       175      173
2.144       176      174
2.145       176      174
2.146       177      174
2.147       177      174
2.148       176      174
2.149       175      174
2.15        175      174
2.151       175      174
2.152       176      174
2.153       177      174
2.154       177      174
2.155       175      174
2.156       175      174
2.157       175      175
2.158       176      175
2.159       177      175
2.16        177      175
2.161       176      175
2.162       176      175
2.163       176      175
2.164       177      175
2.165       177      175
2.166       177      175
2.167       177      175
2.168       176      175
2.169       176      175
2.17        177      176
2.171       177      176
2.172       176      176
2.173       176      176
2.174       177      176
2.175       177      176
2.176       177      176
2.177       178      176
2.178       178      176
2.179       178      176
2.18        178      176
2.181       177      176
2.182       179      176
2.183       179      176
2.184       178      177
2.185       177      177
2.186       177      177
2.187       177      177
2.188       178      177
2.189       179      177
2.19        179      177
2.191       179      177
2.192       179      177
2.193       178      177
2.194       177      177
2.195       178      177
2.196       179      177
2.197       178      177
2.198       178      178
2.199       179      178
2.2         179      178
2.201       179      178
2.202       179      178
2.203       179      178
2.204       179      178
2.205       180      178
2.206       180      178
2.207       180      178
2.208       180      178
2.209       180      178
2.21        179      178
2.211       178      178
2.212       179      179
2.213       179      179
2.214       178      179
2.215       179      179
2.216       179      179
2.217       179      179
2.218       180      179
2.219       181      179
2.22        181      179
2.221       182      179
2.222       181      179
2.223       180      179
2.224       181      179
2.225       180      179
2.226       179      180
2.227       179      180
2.228       180      180
2.229       181      180
2.23        181      180
2.231       183      180
2.232       183      180
2.233       182      180
2.234       181      180
2.235       180      180
2.236       180      180
2.237       181      180
2.238       182      180
2.239       181      180
2.24        180      180
2.241       182      181
2.242       183      181
2.243       182      181
2.244       181      181
2.245       182      181
2.246       182      181
2.247       181      181
2.248       181      181
2.249       182      181
2.25        182      181
2.251       182      181
2.252       182      181
2.253       182      181
2.254       182      181
2.255       182      181
2.256       182      181
2.257       182      182
2.258       182      182
2.259       181      182
2.26        181      182
2.261       183      182
2.262       183      182
2.263       182      182
2.264       182      182
2.265       182      182
2.266       182      182
2.267       183      182
2.268       184      182
2.269       183      182
2.27        183      182
2.271       184      182
2.272       184      182
2.273       184      183
2.274       184      183
2.275       184      183
2.276       184      183
2.277       184      183
2.278       185      183
2.279       184      183
2.28        183      183
2.281       184      183
2.282       184      183
2.283       184      183
2.284       183      183
2.285       183      183
2.286       183      183
2.287       185      183
2.288       187      183
2.289       187      183
2.29        185      184
2.291       184      184
2.292       186      184
2.293       186      184
2.294       185      184
2.295       185      184
2.296       185      184
2.297       186      184
2.298       185      184
2.299       183      184
2.3         184      184
2.301       186      184
2.302       187      184
2.303       185      184
2.304       185      184
2.305       187      184
2.306       187      184
2.307       187      184
2.308       185      185
2.309       186      185
2.31        186      185
2.311       185      185
2.312       185      185
2.313       186      185
2.314       187      185
2.315       186      185
2.316       186      185
2.317       186      185
2.318       186      185
2.319       186      185
2.32        186      185
2.321       185      185
2.322       186      185
2.323       188      185
2.324       188      185
2.325       188      185
2.326       187      185
2.327       187      186
2.328       187      186
2.329       187      186
2.33        187      186
2.331       187      186
2.332       188      186
2.333       187      186
2.334       186      186
2.335       186      186
2.336       187      186
2.337       187      186
2.338       188      186
2.339       188      186
2.34        189      186
2.341       187      186
2.342       187      186
2.343       187      186
2.344       187      186
2.345       187      186
2.346       188      186
2.347       188      186
2.348       188      187
2.349       188      187
2.35        187      187
2.351       187      187
2.352       188      187
2.353       189      187
2.354       188      187
2.355       187      187
2.356       188      187
2.357       188      187
2.358       187      187
2.359       188      187
2.36        190      187
2.361       190      187
2.362       189      187
2.363       189      187
2.364       189      187
2.365       190      187
2.366       190      187
2.367       190      187
2.368       191      187
2.369       191      187
2.37        190      187
2.371       189      188
2.372       188      188
2.373       188      188
2.374       188      188
2.375       188      188
2.376       188      188
2.377       190      188
2.378       191      188
2.379       189      188
2.38        189      188
2.381       190      188
2.382       190      188
2.383       189      188
2.384       191      188
2.385       192      188
2.386       191      188
2.387       189      188
2.388       189      188
2.389       189      188
2.39        189      188
2.391       188      188
2.392       189      188
2.393       189      188
2.394       189      188
2.395       189      188
2.396       189      188
2.397       189      188
2.398       190      188
2.399       190      189
2.4         191      189
2.401       190      189
2.402       190      189
2.403       191      189
2.404       190      189
2.405       189      189
2.406       188      189
2.407       187      189
2.408       188      189
2.409       188      189
2.41        189      189
2.411       191      189
2.412       191      189
2.413       190      189
2.414       190      189
2.415       190      189
2.416       189      189
2.417       189      189
2.418       190      189
2.419       192      189
2.42        193      189
2.421       192      189
2.422       191      189
2.423       190      189
2.424       188      189
2.425       188      189
2.426       189      189
2.427       189      189
2.428       189      189
2.429       190      189
2.43        192      189
2.431       193      189
2.432       192      189
2.433       190      189
2.434       190      189
2.435       189      189
2.436       189      189
2.437       191      190
2.438       191      190
2.439       190      190
2.44        188      190
2.441       189      190
2.442       191      190
2.443       191      190
2.444       191      190
2.445       191      190
2.446       191      190
2.447       191      190
2.448       190      190
2.449       190      190
2.45        191      190
2.451       192      190
2.452       191      190
2.453       191      190
2.454       192      190
2.455       191      190
2.456       190      190
2.457       192      190
2.458       193      190
2.459       192      190
2.46        192      190
2.461       193      190
2.462       193      190
2.463       191      190
2.464       190      190
2.465       192      190
2.466       192      190
2.467       192      190
2.468       191      190
2.469       191      190
2.47        192      190
2.471       192      190
2.472       191      190
2.473       191      190
2.474       191      190
2.475       191      190
2.476       192      190
2.477       193      190
2.478       193      190
2.479       193      190
2.48        193      190
2.481       194      190
2.482       193      190
2.483       192      190
2.484       192      190
2.485       191      190
2.486       191      190
2.487       192      190
2.488       193      190
2.489       193      190
2.49        193      190
2.491       192      190
2.492       192      190
2.493       192      190
2.494       190      190
2.495       190      190
2.496       190      190
2.497       191      190
2.498       192      190
2.499       192      190
2.5         192      190
2.501       191      190
2.502       190      190
2.503       191      190
2.504       192      190
2.505       190      190
2.506       190      190
2.507       191      190
2.508       191      190
2.509       190      190
2.51        190      190
2.511       192      190
2.512       192      190
2.513       191      190
2.514       190      190
2.515       191      190
2.516       190      190
2.517       190      190
2.518       191      190
2.519       192      190
2.52        192      190
2.521       191      190
2.522       192      190
2.523       193      190
2.524       193      190
2.525       192      190
2.526       191      190
2.527       192      190
2.528       193      190
2.529       193      190
2.53        191      190
2.531       191      190
2.532       191      190
2.533       192      190
2.534       194      190
2.535       194      190
2.536       192      190
2.537       191      190
2.538       191      190
2.539       191      190
2.54        191      190
2.541       191      190
2.542       190      190
2.543       190      190
2.544       191      190
2.545       191      190
2.546       191      190
2.547       191      190
2.548       192      190
2.549       193      190
2.55        192      190
2.551       191      190
2.552       192      190
2.553       192      190
2.554       191      190
2.555       192      190
2.556       193      190
2.557       192      190
2.558       191      190
2.559       190      190
2.56        192      190
2.561       192      189
2.562       191      189
2.563       191      189
2.564       191      189
2.565       190      189
2.566       189      189
2.567       190      189
2.568       191      189
2.569       190      189
2.57        189      189
2.571       189      189
2.572       189      189
2.573       190      189
2.574       191      189
2.575       191      189
2.576       190      189
2.577       190      189
2.578       191      189
2.579       190      189
2.58        191      189
2.581       191      189
2.582       191      189
2.583       191      189
2.584       190      189
2.585       190      189
2.586       190      189
2.587       190      189
2.588       190      189
2.589       189      189
2.59        188      189
2.591       189      189
2.592       190      189
2.593       189      189
2.594       189      189
2.595       189      188
2.596       189      188
2.597       189      188
2.598       189      188
2.599       190      188
2.6         189      188
2.601       188      188
2.602       188      188
2.603       189      188
2.604       189      188
2.605       190      188
2.606       190      188
2.607       188      188
2.608       188      188
2.609       188      188
2.61        188      188
2.611       189      188
2.612       188      188
2.613       188      188
2.614       188      188
2.615       188      188
2.616       187      188
2.617       188      188
2.618       189      188
2.619       189      187
2.62        188      187
2.621       189      187
2.622       189      187
2.623       189      187
2.624       188      187
2.625       189      187
2.626       188      187
2.627       187      187
2.628       186      187
2.629       187      187
2.63        189      187
2.631       188      187
2.632       187      187
2.633       187      187
2.634       187      187
2.635       188      187
2.636       189      187
2.637       188      187
2.638       188      187
2.639       187      186
2.64        186      186
2.641       187      186
2.642       189      186
2.643       190      186
2.644       188      186
2.645       187      186
2.646       188      186
2.647       189      186
2.648       189      186
2.649       187      186
2.65        186      186
2.651       185      186
2.652       187      186
2.653       188      186
2.654       188      186
2.655       186      186
2.656       185      185
2.657       185      185
2.658       186      185
2.659       185      185
2.66        186      185
2.661       186      185
2.662       186      185
2.663       185      185
2.664       186      185
2.665       187      185
2.666       187      185
2.667       186      185
2.668       186      185
2.669       185      185
2.67        186      185
2.671       187      184
2.672       187      184
2.673       187      184
2.674       187      184
2.675       186      184
2.676       185      184
2.677       184      184
2.678       185      184
2.679       185      184
2.68        184      184
2.681       184      184
2.682       184      184
2.683       186      184
2.684       186      184
2.685       185      183
2.686       185      183
2.687       185      183
2.688       185      183
2.689       184      183
2.69        184      183
2.691       184      183
2.692       184      183
2.693       185      183
2.694       185      183
2.695       184      183
2.696       183      183
2.697       183      183
2.698       183      182
2.699       183      182
2.7         183      182
2.701       183      182
2.702       182      182
2.703       182      182
2.704       183      182
2.705       183      182
2.706       182      182
2.707       182      182
2.708       183      182
2.709       182      182
2.71        182      181
2.711       184      181
2.712       185      181
2.713       184      181
2.714       182      181
2.715       182      181
2.716       182      181
2.717       181      181
2.718       180      181
2.719       181      181
2.72        182      181
2.721       182      180
2.722       183      180
2.723       182      180
2.724       181      180
2.725       181      180
2.726       180      180
2.727       180      180
2.728       181      180
2.729       182      180
2.73        182      180
2.731       182      180
2.732       180      179
2.733       179      179
2.734       180      179
2.735       180      179
2.736       182      179
2.737       183      179
2.738       182      179
2.739       181      179
2.74        180      179
2.741       179      179
2.742       178      178
2.743       179      178
2.744       179      178
2.745       179      178
2.746       179      178
2.747       179      178
2.748       179      178
2.749       180      178
2.75        180      178
2.751       179      178
2.752       178      177
2.753       178      177
2.754       178      177
2.755       178      177
2.756       179      177
2.757       179      177
2.758       179      177
2.759       178      177
2.76        178      177
2.761       178      176
2.762       179      176
2.763       177      176
2.764       177      176
2.765       178      176
2.766       177      176
2.767       177      176
2.768       178      176
2.769       178      176
2.77        177      175
2.771       177      175
2.772       177      175
2.773       177      175
2.774       176      175
2.775       176      175
2.776       176      175
2.777       178      175
2.778       177      175
2.779       175      174
2.78        175      174
2.781       175      174
2.782       175      174
2.783       176      174
2.784       176      174
2.785       175      174
2.786       175      174
2.787       175      173
2.788       174      173
2.789       175      173
2.79        175      173
2.791       174      173
2.792       175      173
2.793       176      173
2.794       175      173
2.795       174      172
2.796       174      172
2.797       174      172
2.798       174      172
2.799       175      172
2.8         174      172
2.801       174      172
2.802       174      172
2.803       172      171
2.804       172      171
2.805       171      171
2.806       171      171
2.807       171      171
2.808       171      171
2.809       172      171
2.81        172      171
2.811       172      170
2.812       171      170
2.813       170      170
2.814       170      170
2.815       170      170
2.816       170      170
2.817       171      170
2.818       172      170
2.819       172      169
2.82        170      169
2.821       169      169
2.822       169      169
2.823       170      169
2.824       170      169
2.825       170      169
2.826       169      168
2.827       169      168
2.828       169      168
2.829       169      168
2.83        169      168
2.831       170      168
2.832       170      168
2.833       169      167
2.834       169      167
2.835       168      167
2.836       168      167
2.837       168      167
2.838       168      167
2.839       169      167
2.84        168      166
2.841       168      166
2.842       168      166
2.843       167      166
2.844       166      166
2.845       166      166
2.846       167      166
2.847       167      165
2.848       167      165
2.849       169      165
2.85        169      165
2.851       168      165
2.852       167      165
2.853       167      165
2.854       166      164
2.855       164      164
2.856       165      164
2.857       166      164
2.858       165      164
2.859       164      164
2.86        163      164
2.861       163      163
2.862       163      163
2.863       163      163
2.864       164      163
2.865       165      163
2.866       164      163
2.867       163      162
2.868       164      162
2.869       163      162
2.87        162      162
2.871       162      162
2.872       162      162
2.873       162      162
2.874       162      161
2.875       162      161
2.876       162      161
2.877       162      161
2.878       162      161
2.879       163      161
2.88        163      160
2.881       163      160
2.882       163      160
2.883       163      160
2.884       162      160
2.885       161      160
2.886       159      159
2.887       159      159
2.888       160      159
2.889       160      159
2.89        160      159
2.891       160      159
2.892       160      158
2.893       160      158
2.894       160      158
2.895       159      158
2.896       158      158
2.897       159      158
2.898       160      157
2.899       160      157
2.9         160      157
2.901       159      157
2.902       159      157
2.903       159      157
2.904       159      156
2.905       160      156
2.906       159      156
2.907       158      156
2.908       158      156
2.909       158      156
2.91        158      155
2.911       157      155
2.912       157      155
2.913       156      155
2.914       155      155
2.915       156      155
2.916       157      154
2.917       158      154
2.918       159      154
2.919       157      154
2.92        156      154
2.921       155      154
2.922       155      153
2.923       155      153
2.924       155      153
2.925       154      153
2.926       153      153
2.927       154      153
2.928       154      152
2.929       153      152
2.93        154      152
2.931       155      152
2.932       155      152
2.933       154      151
2.934       154      151
2.935       153      151
2.936       152      151
2.937       153      151
2.938       152      151
2.939       151      150
2.94        152      150
2.941       153      150
2.942       152      150
2.943       151      150
2.944       150      149
2.945       150      149
2.946       150      149
2.947       150      149
2.948       151      149
2.949       150      149
2.95        148      148
2.951       149      148
2.952       150      148
2.953       149      148
2.954       149      148
2.955       148      147
2.956       147      147
2.957       148      147
2.958       147      147
2.959       148      147
2.96        149      147
2.961       148      146
2.962       147      146
2.963       147      146
2.964       148      146
2.965       148      146
2.966       147      145
2.967       146      145
2.968       146      145
2.969       146      145
2.97        146      145
2.971       145      144
2.972       144      144
2.973       145      144
2.974       146      144
2.975       146      144
2.976       144      144
2.977       144      144
2.978       144      144
2.979       143      144
2.98        143      144
2.981       144      144
2.982       144      144
2.983       144      144
2.984       142      144
2.985       142      144
2.986       142      144
2.987       142      144
2.988       142      144
2.989       142      144
2.99        141      144
2.991       141      144
2.992       141      144
2.993       141      144
2.994       141      144
2.995       141      144
2.996       143      144
2.997       143      144
2.998       141      144
2.999       140      144
3           139      144
3.001       139      144
3.002       140      144
3.003       140      144
3.004       140      144
3.005       141      144
3.006       141      144
3.007       139      144
3.008       138      144
Error threshold exceeded at: 3.008
# The largest delta was: 6
